08 0.105625 0.26 0.05123355263157897 0.06998355263157899
12 0.725 0.326875 0.04499161073825486 0.06374161073825507
03 0.6993750000000001 0.380625 0.05120689655172417 0.06370689655172412
03 0.831875 0.45 0.023744444444444346 0.0424944444444445
14 0.138125 0.953125 0.03873809523809524 0.02623809523809517
03 0.671875 0.88625 0.053742977528089764 0.06999297752808986
20 0.036875000000000005 0.9256249999999999 0.03874509803921569 0.031245098039215713
01 0.433125 0.245625 0.023706896551724144 0.023706896551724144
20 0.07875 0.850625 0.022478448275862067 0.01622844827586223
04 0.6375 0.803125 0.03738636363636372 0.033636363636363686
08 0.321875 0.4475 0.07623579545454545 0.02498579545454549
07 0.14750000000000002 0.11375 0.04496951219512196 0.01746951219512194
05 0.12000000000000001 0.96 0.029982142857142874 0.0274821428571429
