03 0.6949958881578947 0.0725 0.034991776315789425 0.019983552631578944
12 0.630625 0.04 0.05874161073825501 0.03499161073825503
19 0.735625 0.185 0.028706896551724093 0.04245689655172413
18 0.58875 0.29125 0.02499444444444454 0.027494444444444432
00 0.396875 0.354375 0.036238095238095236 0.03623809523809529
12 0.27249999999999996 0.69625 0.03999297752808989 0.04499297752808984
02 0.625 0.5725 0.0474950980392157 0.032495098039215686
04 0.481875 0.5331250000000001 0.036206896551724155 0.03120689655172415
18 0.11 0.048125 0.02497844827586207 0.028728448275862066
04 0.25125000000000003 0.454375 0.03488636363636369 0.03363636363636363
19 0.476875 0.761875 0.03623579545454547 0.03623579545454536
09 0.27375 0.39812499999999995 0.027469512195121948 0.038719512195121986
03 0.290625 0.24812499999999998 0.03373214285714282 0.03373214285714285
03 0.19687500000000002 0.6399999999999999 0.03873750000000001 0.047487500000000016
