18 0.4375 0.725 0.014983552631578911 0.017483552631578858
09 0.2 0.080625 0.024991610738255038 0.023741610738255037
02 0.303125 0.848125 0.021206896551724086 0.0237068965517242
03 0.91875 0.31062500000000004 0.017494444444444368 0.03624444444444447
05 0.9018779761904763 0.2925 0.02374404761904747 0.03248809523809526
13 0.06687499999999999 0.943125 0.051242977528089886 0.046242977528089924
03 0.65375 0.970625 0.027495098039215793 0.04874509803921567
06 0.93625 0.15437499999999998 0.05245689655172414 0.013706896551724107
03 0.6024946120689655 0.166875 0.014989224137931023 0.04372844827586206
03 0.5175 0.44437499999999996 0.07988636363636353 0.0661363636363636
04 0.546875 0.653125 0.018735795454545512 0.0187357954545454
20 0.024375 0.4975 0.018719512195121954 0.01746951219512194
13 0.70375 0.039375 0.04248214285714291 0.041232142857142856
