04 0.45 0.913125 0.02498355263157892 0.018733552631578942
01 0.60375 0.0325 0.01999161073825506 0.01749161073825503
02 0.68125 0.01625 0.04745689655172414 0.022456896551724136
08 0.17062499999999997 0.13687499999999997 0.051244444444444454 0.09374444444444444
19 0.5725 0.879375 0.027488095238095256 0.013738095238095105
07 0.22749999999999998 0.656875 0.02749297752808985 0.018742977528089844
06 0.825625 0.35875 0.04374509803921567 0.06499509803921572
18 0.174375 0.87 0.016206896551724137 0.019956896551724057
06 0.09375 0.299375 0.052478448275862066 0.05622844827586204
04 0.811875 0.494375 0.03113636363636374 0.023636363636363622
04 0.44 0.4675 0.02498579545454549 0.017485795454545483
03 0.45188262195121953 0.9768749999999999 0.02623475609756104 0.023719512195122028
15 0.26937500000000003 0.8125 0.03623214285714288 0.029982142857142735
06 0.9275 0.62875 0.03498749999999995 0.012487499999999985
