14 0.323125 0.640625 0.021233552631578945 0.016233552631578885
03 0.6768729026845637 0.5275 0.02874580536912752 0.024991610738255066
19 0.59625 0.463125 0.019956896551724168 0.01870689655172414
04 0.4175 0.143125 0.027494444444444488 0.023744444444444457
13 0.52625 0.6575 0.029988095238095314 0.03998809523809521
14 0.505625 0.711875 0.023742977528089904 0.036242977528089804
11 0.371875 0.595 0.031245098039215713 0.03999509803921564
14 0.801875 0.310625 0.04120689655172405 0.026206896551724146
15 0.409375 0.47 0.018728448275862064 0.01247844827586203
00 0.05437500000000001 0.5231250000000001 0.03363636363636364 0.026136363636363513
15 0.26375000000000004 0.764375 0.012485795454545479 0.041235795454545365
09 0.480625 0.9456249999999999 0.03121951219512198 0.018719512195121912
08 0.6012500000000001 0.374375 0.022482142857142784 0.04123214285714283
