06 0.3500041118421053 0.22187500000000002 0.01999177631578941 0.07123355263157899
04 0.44125000000000003 0.14625 0.029991610738255015 0.029991610738255042
07 0.303125 0.576875 0.031206896551724095 0.02120689655172414
12 0.5643750000000001 0.578125 0.033744444444444466 0.03874444444444447
07 0.7562500000000001 0.134375 0.012488095238095132 0.04623809523809523
01 0.8300000000000001 0.79125 0.022492977528089875 0.01749297752808987
06 0.54625 0.443125 0.08249509803921562 0.05874509803921568
03 0.655 0.28625 0.03495689655172418 0.012456896551724106
03 0.021250000000000005 0.55125 0.022478448275862074 0.039978448275862055
00 0.579375 0.49812500000000004 0.02863636363636357 0.026136363636363624
02 0.183125 0.570625 0.031235795454545467 0.02123579545454546
