18 0.019375 0.889375 0.023733552631578947 0.026233552631578894
08 0.585 0.781875 0.012491610738254999 0.0637416107382549
07 0.709375 0.12687500000000002 0.05870689655172412 0.03870689655172413
02 0.18875 0.14875 0.03249444444444444 0.039994444444444444
03 0.30374999999999996 0.14500000000000002 0.022488095238095307 0.024988095238095226
04 0.31562500000000004 0.834375 0.031242977528089855 0.0312429775280898
12 0.7224999999999999 0.8025 0.02999509803921574 0.03999509803921564
03 0.431875 0.69875 0.03120689655172415 0.02745689655172412
02 0.1575 0.433125 0.03247844827586205 0.048728448275862035
14 0.640625 0.83 0.0636363636363636 0.03238636363636371
18 0.9450000000000001 0.138125 0.012485795454545312 0.013735795454545452
02 0.4006173780487805 0.31 0.013734756097560974 0.04996951219512202
02 0.6425000000000001 0.396875 0.03248214285714279 0.038732142857142826
