09 0.50375 0.93875 0.02998355263157887 0.057483552631578894
01 0.9156249999999999 0.775625 0.026241610738254928 0.026241610738254817
07 0.746875 0.85625 0.036206896551724044 0.07745689655172405
03 0.060625000000000005 0.479375 0.04374444444444446 0.05624444444444454
11 0.58125 0.40875 0.04498809523809533 0.037488095238095265
12 0.76 0.506875 0.049992977528089844 0.05124297752808982
01 0.83875 0.2475 0.06999509803921566 0.04499509803921567
10 0.8612500000000001 0.385 0.022456896551724115 0.01745689655172411
05 0.18375 0.6275 0.04497844827586206 0.029978448275862157
04 0.065625 0.468125 0.04113636363636364 0.03613636363636358
14 0.6662464488636364 0.17812499999999998 0.06999289772727268 0.05623579545454546
