20 0.33249999999999996 0.403125 0.039983552631578934 0.0362335526315789
03 0.404375 0.10125 0.05124161073825506 0.04249161073825504
00 0.74625 0.3675 0.049956896551724084 0.04745689655172414
20 0.965 0.531875 0.03499444444444433 0.03374444444444458
06 0.32375 0.6468749999999999 0.1374880952380953 0.051238095238095194
03 0.90625 0.309375 0.10249297752808983 0.043742977528089866
05 0.41874999999999996 0.30062500000000003 0.03999509803921569 0.061245098039215684
03 0.43 0.82125 0.0749568965517241 0.06745689655172415
09 0.45875 0.629375 0.04497844827586206 0.046228448275862144
03 0.859375 0.34624999999999995 0.06613636363636366 0.06488636363636363
