12 0.87 0.516875 0.029983552631578814 0.026233552631578894
03 0.733125 0.606875 0.021241610738254924 0.04124161073825505
01 0.23625000000000002 0.15812500000000002 0.014956896551724136 0.013706896551724107
17 0.29 0.48124999999999996 0.02499444444444443 0.02999444444444449
11 0.503125 0.313125 0.026238095238095283 0.028738095238095285
15 0.10500000000000001 0.084375 0.02499297752808989 0.028742977528089894
06 0.600625 0.44125000000000003 0.018745098039215757 0.03499509803921569
15 0.365625 0.76625 0.016206896551724137 0.02745689655172412
12 0.36124999999999996 0.468125 0.027478448275862044 0.028728448275862073
02 0.5125 0.568125 0.02488636363636354 0.02863636363636357
08 0.071875 0.04187500000000001 0.033735795454545456 0.07873579545454547
