11 0.778125 0.446875 0.02873355263157895 0.018733552631578887
11 0.5825 0.38749999999999996 0.02249161073825512 0.01749161073825506
03 0.170625 0.7250000000000001 0.05620689655172412 0.06245689655172415
14 0.879375 0.740625 0.023744444444444346 0.0362444444444443
03 0.93875 0.270625 0.009988095238095074 0.021238095238095278
13 0.9575 0.731875 0.03749297752808989 0.026242977528089795
12 0.825 0.131875 0.024995098039215624 0.0312450980392157
06 0.8925000000000001 0.16625 0.012456896551724106 0.052456896551724114
14 0.438125 0.25625 0.018728448275862064 0.024978448275862097
03 0.721875 0.4 0.008749999999999925 0.0298863636363636
