05 0.299375 0.644375 0.018733552631578942 0.016233552631578885
03 0.49749999999999994 0.255 0.014991610738255001 0.01999161073825506
06 0.515625 0.252489224137931 0.05620689655172417 0.03497844827586205
03 0.030625 0.47250000000000003 0.018744444444444442 0.02999444444444449
03 0.26749999999999996 0.95625 0.00998809523809524 0.024988095238095087
19 0.380625 0.49187499999999995 0.02624297752808985 0.018742977528089788
12 0.14687499999999998 0.44 0.028745098039215683 0.02999509803921574
20 0.526875 0.08437499999999999 0.018706896551724084 0.01870689655172414
13 0.5856250000000001 0.056875 0.04622844827586203 0.033728448275862064
02 0.680625 0.81375 0.016136363636363726 0.019886363636363757
10 0.140625 0.885 0.02373579545454546 0.017485795454545316
14 0.76875 0.15375 0.009969512195121988 0.012469512195121935
15 0.34562499999999996 0.073125 0.006232142857142853 0.011232142857142843
11 0.24812499999999998 0.6368750000000001 0.016237499999999988 0.016237500000000016
