07 0.06812499999999999 0.27125 0.058733552631578936 0.01748355263157897
03 0.67375 0.07187500000000001 0.032491610738254906 0.02124161073825504
13 0.854375 0.205625 0.03120689655172404 0.06370689655172412
18 0.71875 0.715 0.012494444444444364 0.01499444444444431
08 0.7512529761904763 0.37312500000000004 0.01999404761904755 0.008738095238095267
06 0.45625175561797754 0.7012499999999999 0.022496488764044975 0.04249297752808989
08 0.22625 0.26187499999999997 0.014995098039215699 0.02624509803921568
20 0.073125 0.329375 0.01870689655172414 0.021206896551724086
06 0.725625 0.9299999999999999 0.07122844827586217 0.024978448275862264
11 0.49874999999999997 0.059375 0.022386363636363593 0.02113636363636364
03 0.385625 0.9075 0.016235795454545454 0.019985795454545374
08 0.8987499999999999 0.533125 0.012469512195122046 0.04121951219512199
03 0.37 0.9375 0.019982142857142837 0.029982142857142735
11 0.23375 0.335625 0.02248750000000002 0.02873749999999997
