03 0.263125 0.143125 0.03123355263157898 0.05373355263157896
08 0.14 0.133125 0.06499161073825506 0.021241610738255035
07 0.954375 0.464375 0.016206896551724137 0.04370689655172416
13 0.285625 0.7262500000000001 0.06874444444444444 0.06999444444444436
05 0.790625 0.453125 0.041238095238095074 0.03623809523809529
03 0.5025000000000001 0.13874999999999998 0.02999297752808988 0.052492977528089874
20 0.041875 0.43 0.02374509803921569 0.022495098039215677
03 0.16312500000000002 0.40125 0.10120689655172413 0.05495689655172409
03 0.624375 0.159375 0.03872844827586208 0.04872844827586206
06 0.07125000000000001 0.631875 0.10488636363636364 0.07863636363636373
03 0.39625 0.1925 0.0924857954545455 0.16248579545454545
18 0.54875 0.459375 0.019969512195121997 0.023719512195121972
12 0.204375 0.325 0.04373214285714283 0.047482142857142806
03 0.374375 0.59 0.04873749999999999 0.019987500000000047
