15 0.246875 0.32437499999999997 0.04873355263157897 0.013733552631578938
12 0.809375 0.315625 0.04874161073825489 0.07374161073825503
06 0.295625 0.054375 0.01870689655172414 0.03620689655172414
03 0.72375 0.398125 0.04249444444444439 0.05124444444444454
04 0.296875 0.9593750000000001 0.03873809523809524 0.03373809523809512
12 0.105625 0.88125 0.08124297752808989 0.0474929775280899
20 0.8087500000000001 0.128125 0.03999509803921575 0.023745098039215692
20 0.7268749999999999 0.44437499999999996 0.03120689655172415 0.023706896551724144
03 0.6275 0.7275 0.039978448275862166 0.05747844827586224
18 0.95625 0.654375 0.029886363636363655 0.03113636363636374
03 0.40937500000000004 0.6912499999999999 0.03373579545454547 0.062485795454545356
