06 0.404375 0.736875 0.016233552631578885 0.06373355263157887
12 0.165625 0.36 0.03624161073825505 0.05499161073825504
12 0.6312500000000001 0.145625 0.06245689655172415 0.04120689655172413
17 0.21375 0.16999999999999998 0.027494444444444432 0.039994444444444444
01 0.9356249999999999 0.348125 0.021238095238095167 0.021238095238095278
03 0.74125 0.109375 0.04249297752808989 0.02874297752808988
03 0.6812499999999999 0.44499999999999995 0.01999509803921573 0.03999509803921569
06 0.27437500000000004 0.68 0.01870689655172414 0.02745689655172412
12 0.18937500000000002 0.38 0.038728448275862054 0.05497844827586207
11 0.21687499999999998 0.36375 0.03363636363636366 0.01988636363636359
12 0.7193750000000001 0.770625 0.0337357954545453 0.06123579545454527
03 0.746875 0.7575 0.03871951219512193 0.05246951219512197
03 0.02 0.73 0.03748214285714286 0.05998214285714276
02 0.55375 0.15625 0.022487499999999994 0.0324875
