20 0.628125 0.12312499999999998 0.026233552631578894 0.023733552631578933
10 0.655 0.22625 0.024991610738254955 0.01749161073825506
06 0.650010775862069 0.425 0.0949784482758621 0.01745689655172411
13 0.510625 0.690625 0.04874444444444448 0.0937444444444443
18 0.963125 0.376875 0.01873809523809511 0.021238095238095278
10 0.67875 0.843125 0.01749297752808987 0.011242977528089781
12 0.6875 0.6825 0.034995098039215744 0.034995098039215744
18 0.483125 0.114375 0.01620689655172408 0.018706896551724125
14 0.25625 0.88 0.029978448275862102 0.03997844827586228
01 0.24875 0.276875 0.02238636363636365 0.023636363636363678
09 0.055625 0.730625 0.03623579545454546 0.048735795454545316
13 0.19124999999999998 0.14500000000000002 0.029969512195121978 0.07996951219512195
06 0.940625 0.32437499999999997 0.023732142857142757 0.08123214285714281
