09 0.85875 0.18562499999999998 0.017483552631578858 0.01873355263157897
05 0.9356249999999999 0.9425 0.013741610738254972 0.02999161073825496
18 0.434375 0.131875 0.011206896551724133 0.013706896551724135
00 0.653125 0.596875 0.016244444444444395 0.013744444444444448
03 0.33375 0.01625 0.0149880952380953 0.014988095238095234
04 0.88 0.18562499999999998 0.01749297752808987 0.013742977528089867
04 0.05875 0.48 0.019995098039215696 0.01499509803921567
01 0.755625 0.375625 0.01370689655172419 0.013706896551724135
03 0.026875 0.06687499999999999 0.01622844827586207 0.03122844827586206
13 0.34875 0.29312499999999997 0.024886363636363595 0.07113636363636361
03 0.764375 0.896875 0.021235795454545348 0.0287357954545453
06 0.776875 0.195625 0.04871951219512205 0.028719512195121977
03 0.239375 0.0475 0.028732142857142845 0.014982142857142847
