03 0.7143791118421052 0.1275 0.031241776315789394 0.042483552631578936
10 0.9456249999999999 0.21437499999999998 0.026241610738254928 0.01874161073825506
10 0.6525000000000001 0.279375 0.032456896551724124 0.02120689655172414
09 0.44937499999999997 0.6 0.058744444444444543 0.04999444444444445
07 0.6987470238095237 0.06625 0.04999404761904758 0.034988095238095235
03 0.163125 0.589375 0.021242977528089846 0.07124297752808983
18 0.8274999999999999 0.07375000000000001 0.022495098039215677 0.024995098039215694
00 0.680625 0.031875 0.0387068965517241 0.03870689655172414
14 0.434375 0.951875 0.043728448275862086 0.0437284482758622
12 0.091875 0.190625 0.05613636363636362 0.051136363636363674
04 0.11750000000000001 0.32 0.03498579545454547 0.027485795454545436
08 0.0625 0.40375 0.024969512195121946 0.05246951219512197
