20 0.7481249999999999 0.43 0.031233552631578898 0.029983552631578925
03 0.05375 0.41312499999999996 0.022491610738255022 0.033741610738255046
04 0.765625 0.6031249999999999 0.03370689655172421 0.03120689655172415
02 0.765 0.7362500000000001 0.09999444444444427 0.027494444444444377
04 0.9425 0.854375 0.03498809523809521 0.028738095238095118
14 0.15187499999999998 0.44625 0.026242977528089878 0.049992977528089844
14 0.673125 0.6287499999999999 0.04374509803921567 0.03999509803921575
15 0.028125 0.048125 0.04120689655172414 0.011206896551724146
01 0.295625 0.23375 0.016228448275862062 0.01497844827586206
14 0.628125 0.11 0.03113636363636374 0.017386363636363644
10 0.915 0.513125 0.027485795454545325 0.02873579545454541
05 0.7168749999999999 0.933125 0.043719512195122046 0.028719512195122032
