05 0.128125 0.6675 0.04873355263157894 0.02498355263157892
20 0.888125 0.148125 0.028741610738254875 0.02874161073825504
15 0.195 0.5575 0.04995689655172414 0.04495689655172419
20 0.83125 0.745625 0.03999444444444433 0.0362444444444443
08 0.88 0.18375 0.062488095238095065 0.01998809523809525
04 0.926875 0.92 0.0312429775280898 0.02749297752808988
09 0.765625 0.74 0.04124509803921561 0.027495098039215682
01 0.818125 0.490625 0.0237068965517242 0.013706896551724135
10 0.888125 0.5325 0.03122844827586213 0.019978448275862037
09 0.29125 0.406875 0.029886363636363655 0.046136363636363587
06 0.31749644886363637 0.6143749999999999 0.06499289772727274 0.10373579545454537
13 0.314375 0.313125 0.151219512195122 0.06621951219512195
00 0.32437499999999997 0.753125 0.038732142857142826 0.036232142857142824
01 0.5862499999999999 0.29125 0.022487500000000105 0.024987499999999996
