13 0.776875 0.43125 0.10623355263157896 0.08498355263157892
19 0.776875 0.7662500000000001 0.031241610738254932 0.07999161073825489
14 0.34687500000000004 0.85 0.10870689655172411 0.024956896551724173
10 0.033125 0.46499999999999997 0.031244444444444443 0.01999444444444448
03 0.13875 0.831875 0.04498809523809527 0.11123809523809514
08 0.069375 0.131875 0.036242977528089894 0.0337429775280899
08 0.3225 0.2675 0.08749509803921568 0.05749509803921571
20 0.055 0.034375 0.039956896551724144 0.03620689655172414
20 0.19187500000000002 0.760625 0.041228448275862056 0.03372844827586219
12 0.921875 0.29374999999999996 0.061136363636363766 0.07738636363636359
14 0.6443749999999999 0.10375000000000001 0.058735795454545436 0.04748579545454547
01 0.5318750000000001 0.35750000000000004 0.03621951219512198 0.027469512195122003
13 0.26187499999999997 0.31125 0.08623214285714281 0.18498214285714282
13 0.475 0.639375 0.10498750000000001 0.10873750000000004
