12 0.704375 0.31375 0.02873355263157895 0.04498355263157894
11 0.5475 0.461875 0.027491610738255012 0.021241610738255035
18 0.5275 0.9437500000000001 0.01745689655172411 0.019956896551724168
06 0.53375 0.52125 0.019994444444444537 0.012494444444444586
08 0.546875 0.43625 0.016238095238095163 0.0749880952380953
03 0.31375 0.07375000000000001 0.0499929775280899 0.05499297752808989
03 0.771248774509804 0.5 0.024997549019607823 0.024995098039215735
03 0.09812499999999999 0.31375 0.02370689655172413 0.03995689655172413
03 0.6737500000000001 0.200625 0.0174784482758622 0.028728448275862073
04 0.236875 0.60875 0.028636363636363682 0.019886363636363535
15 0.813125 0.253125 0.016235795454545343 0.016235795454545454
01 0.121875 0.1475 0.021219512195121942 0.01996951219512194
05 0.095625 0.034999999999999996 0.018732142857142864 0.024982142857142856
02 0.73375 0.46375 0.019987500000000047 0.0324875
