06 0.42125 0.36312500000000003 0.07748355263157891 0.07873355263157894
01 0.055 0.08937500000000001 0.03499161073825503 0.023741610738255037
01 0.118125 0.828125 0.031206896551724123 0.03120689655172404
10 0.239375 0.03875 0.02624444444444443 0.024994444444444444
03 0.756875 0.621875 0.021238095238095167 0.013738095238095327
03 0.429375 0.688125 0.07624297752808984 0.0312429775280898
14 0.455625 0.311875 0.05374509803921568 0.023745098039215706
18 0.8525 0.26625 0.022456896551724115 0.024956896551724117
08 0.66875 0.5918749999999999 0.049978448275862175 0.021228448275862122
03 0.010625 0.28812499999999996 0.013636363636363637 0.03363636363636363
