03 0.565 0.393125 0.054983552631578836 0.02123355263157889
08 0.35687290268456373 0.513125 0.026245805369127517 0.028741610738255097
19 0.303125 0.3325 0.013706896551724135 0.032456896551724124
06 0.42562500000000003 0.32562500000000005 0.008744444444444499 0.0662444444444445
03 0.3575 0.326875 0.02248809523809525 0.021238095238095223
12 0.6556249999999999 0.88375 0.023742977528089848 0.02749297752808988
01 0.96625 0.6025 0.012495098039215669 0.012495098039215669
00 0.531875 0.09 0.026206896551724146 0.022456896551724143
03 0.6368750000000001 0.140625 0.053728448275862095 0.028728448275862073
13 0.049375 0.246875 0.038636363636363635 0.03863636363636369
20 0.253125 0.9181250000000001 0.016235795454545454 0.013735795454545285
06 0.29 0.27375 0.009969512195121988 0.03246951219512195
06 0.8218749999999999 0.68125 0.05123214285714284 0.06998214285714277
08 0.6343749999999999 0.45499999999999996 0.016237500000000016 0.034987500000000005
