01 0.4675 0.688125 0.02998355263157887 0.026233552631578894
03 0.15999999999999998 0.7649999999999999 0.029991610738255042 0.017491610738254892
18 0.8143750000000001 0.201875 0.018706896551724195 0.02120689655172414
18 0.744375 0.656875 0.023744444444444346 0.026244444444444293
12 0.41874999999999996 0.9525 0.04498809523809527 0.04748809523809516
04 0.166875 0.16749999999999998 0.028742977528089853 0.019992977528089872
14 0.0975 0.474375 0.03499509803921569 0.023745098039215706
04 0.24812499999999998 0.47187500000000004 0.026206896551724118 0.01870689655172414
10 0.575625 0.175 0.03122844827586213 0.032478448275862076
03 0.39875 0.3625 0.027386363636363598 0.022386363636363593
18 0.1875 0.3775 0.019985795454545485 0.022485795454545432
19 0.16562500000000002 0.103125 0.013719512195121936 0.018719512195121954
09 0.6699999999999999 0.781875 0.03248214285714279 0.026232142857142815
