04 0.43062500000000004 0.06749999999999999 0.0337335526315789 0.029983552631578946
13 0.7362500000000001 0.05562500000000001 0.034991610738254963 0.05874161073825504
16 0.43125 0.333125 0.03995689655172413 0.0387068965517241
04 0.41000000000000003 0.498125 0.027494444444444543 0.033744444444444466
03 0.48 0.018749999999999996 0.03998809523809527 0.017488095238095233
20 0.5293749999999999 0.370625 0.023742977528089848 0.023742977528089848
12 0.675 0.7262500000000001 0.042495098039215695 0.05499509803921565
04 0.080625 0.609375 0.026206896551724132 0.028706896551724093
07 0.4425 0.71625 0.019978448275862037 0.039978448275862166
08 0.649375 0.75625 0.04613636363636364 0.019886363636363757
11 0.6000000000000001 0.693125 0.027485795454545436 0.0287357954545453
