01 0.940625 0.740625 0.023733552631578836 0.016233552631578885
08 0.05625 0.653125 0.027491610738255026 0.028741610738254986
14 0.3175 0.7481249999999999 0.02745689655172412 0.02120689655172414
06 0.109375 0.43875 0.018744444444444452 0.007494444444444526
12 0.620625 0.5425 0.03623809523809529 0.037488095238095265
03 0.81125 0.15749999999999997 0.014992977528089813 0.03499297752808986
03 0.625 0.6956249999999999 0.01999509803921562 0.02374509803921565
07 0.935625 0.4625 0.04870689655172411 0.024956896551724117
17 0.401875 0.886875 0.02372844827586207 0.02372844827586218
12 0.9299999999999999 0.621875 0.024886363636363762 0.026136363636363513
