14 0.23812500000000003 0.429375 0.04373355263157899 0.051233552631578916
03 0.70375 0.49 0.04999161073825498 0.03749161073825502
12 0.495625 0.855 0.06620689655172413 0.05995689655172409
14 0.92875 0.704375 0.07499444444444436 0.043744444444444364
12 0.241875 0.375625 0.06623809523809523 0.058738095238095256
10 0.5387500000000001 0.406875 0.03749297752808978 0.03624297752808986
14 0.670625 0.30062500000000003 0.07124509803921564 0.051245098039215675
03 0.615625 0.875 0.036206896551724155 0.02745689655172412
15 0.041249999999999995 0.410625 0.022478448275862064 0.04372844827586203
10 0.869375 0.1925 0.04613636363636375 0.039886363636363664
15 0.8943749999999999 0.73125 0.06123579545454538 0.05998579545454541
07 0.095 0.711875 0.06496951219512194 0.02871951219512192
07 0.14250000000000002 0.8831249999999999 0.16998214285714286 0.0587321428571429
