03 0.8425 0.22312500000000002 0.0674835526315789 0.04373355263157899
13 0.67375 0.133125 0.13999161073825506 0.07124161073825505
15 0.20625 0.89625 0.034956896551724126 0.029956896551724066
04 0.135625 0.29312499999999997 0.04374444444444446 0.028744444444444406
01 0.861875 0.041874999999999996 0.021238095238095167 0.02123809523809523
15 0.440625 0.6875 0.01374297752808984 0.039992977528089835
08 0.24687499999999998 0.40812499999999996 0.061245098039215684 0.06624509803921569
18 0.23812499999999998 0.73125 0.026206896551724118 0.02745689655172412
08 0.7481303879310345 0.174375 0.02373922413793106 0.02372844827586207
03 0.8300000000000001 0.358125 0.022386363636363815 0.02613636363636357
03 0.9025000000000001 0.465625 0.0649857954545453 0.058735795454545436
14 0.33687500000000004 0.255625 0.05121951219512194 0.05121951219512197
03 0.735 0.345625 0.07498214285714289 0.026232142857142815
