03 0.365625 0.510625 0.026233552631578894 0.021233552631579
13 0.2725 0.15000000000000002 0.05749161073825507 0.10499161073825505
03 0.38687499999999997 0.225 0.04370689655172416 0.04745689655172414
03 0.24625000000000002 0.36124999999999996 0.04749444444444442 0.0399944444444445
03 0.42625 0.748125 0.10498809523809527 0.11123809523809514
03 0.285 0.6675 0.05999297752808985 0.0624929775280898
20 0.150625 0.915 0.031245098039215685 0.022495098039215677
10 0.273125 0.8899999999999999 0.0337068965517241 0.032456896551724124
19 0.665 0.5175000000000001 0.039978448275862166 0.024978448275862042
03 0.39749999999999996 0.78375 0.06238636363636357 0.03488636363636377
18 0.9650000000000001 0.84 0.024985795454545268 0.027485795454545325
18 0.281875 0.3025 0.02121951219512197 0.022469512195121943
16 0.60875 0.909375 0.03498214285714285 0.04623214285714283
