20 0.8987499999999999 0.31124999999999997 0.022483552631578863 0.019983552631578916
08 0.53125 0.48124999999999996 0.01999161073825495 0.057491610738254983
03 0.598125 0.31937499999999996 0.043706896551724106 0.06620689655172413
01 0.530625 0.54375 0.026244444444444515 0.022494444444444484
03 0.583125 0.5900000000000001 0.03623809523809518 0.027488095238095256
00 0.34187500000000004 0.946875 0.02624297752808985 0.018742977528089844
15 0.030000000000000002 0.39812499999999995 0.04499509803921569 0.05624509803921568
13 0.07125000000000001 0.964375 0.09245689655172414 0.036206896551724155
14 0.8625 0.539375 0.01997844827586215 0.028728448275862073
01 0.316875 0.486875 0.038636363636363635 0.026136363636363624
