17 0.475 0.558125 0.03748355263157893 0.0362335526315789
09 0.265625 0.255625 0.028741610738255097 0.01874161073825506
03 0.7012499999999999 0.514375 0.022456896551724115 0.031206896551724095
09 0.39 0.725625 0.027494444444444488 0.02874444444444435
03 0.626875 0.599375 0.08623809523809522 0.07873809523809527
13 0.1025 0.35125 0.052492977528089874 0.03499297752808983
19 0.895625 0.17375 0.021245098039215593 0.03499509803921569
03 0.320625 0.042499999999999996 0.02120689655172414 0.05495689655172414
14 0.56125 0.20625 0.0274784482758621 0.04497844827586206
00 0.206875 0.6231249999999999 0.02613636363636368 0.023636363636363567
00 0.23625000000000002 0.24875 0.02248579545454546 0.022485795454545487
08 0.3068826219512195 0.56375 0.02123475609756098 0.03746951219512196
