12 0.8200000000000001 0.30999999999999994 0.029983552631578925 0.03248355263157893
01 0.834375 0.0625 0.013741610738254861 0.014991610738255029
14 0.780625 0.474375 0.018706896551724084 0.0337068965517241
03 0.9762500000000001 0.835 0.04499444444444445 0.012494444444444364
04 0.30374999999999996 0.89125 0.029988095238095258 0.027488095238095145
03 0.744375 0.705625 0.04124297752808981 0.03124297752808991
06 0.7875000000000001 0.5375000000000001 0.012495098039215669 0.022495098039215677
14 0.415 0.19437500000000002 0.022456896551724115 0.031206896551724123
03 0.16625 0.5631250000000001 0.009978448275862056 0.03372844827586208
08 0.21437499999999998 0.19874999999999998 0.04613636363636367 0.01488636363636367
03 0.47875 0.271875 0.04998579545454551 0.11373579545454546
18 0.445625 0.861875 0.016219512195121966 0.018719512195121912
12 0.079375 0.38875000000000004 0.02873214285714286 0.03248214285714285
03 0.419375 0.65875 0.023737499999999967 0.027487499999999998
