08 0.818125 0.40375 0.01873355263157883 0.012483552631578854
03 0.344375 0.375625 0.011241610738255026 0.013741610738255028
14 0.930625 0.6625 0.026206896551724146 0.03745689655172413
06 0.588125 0.6937500000000001 0.036244444444444524 0.07999444444444437
06 0.3675 0.7424999999999999 0.012488095238095243 0.03748809523809504
03 0.845625 0.1225 0.018742977528089844 0.022492977528089875
03 0.6375 0.94625 0.022495098039215677 0.03999509803921575
03 0.364375 0.83875 0.023706896551724088 0.009956896551724048
03 0.9299999999999999 0.5706249999999999 0.014978448275862255 0.04872844827586198
07 0.82125 0.1925 0.029886363636363766 0.012386363636363668
01 0.8106249999999999 0.56875 0.0187357954545454 0.019985795454545485
06 0.014374999999999999 0.33 0.02621951219512195 0.07746951219512199
11 0.07125000000000001 0.639375 0.019982142857142865 0.01373214285714286
