07 0.21687499999999998 0.301875 0.026233552631578977 0.03123355263157901
18 0.621875 0.61625 0.018741610738255088 0.022491610738255008
04 0.74625 0.70625 0.03745689655172413 0.03495689655172407
03 0.445 0.794375 0.03249444444444449 0.05374444444444426
06 0.5025 0.38 0.08998809523809526 0.0824880952380953
00 0.9775 0.618125 0.022492977528089875 0.01374297752808984
11 0.588125 0.134375 0.031245098039215602 0.023745098039215692
03 0.20500000000000002 0.981875 0.024956896551724145 0.0337068965517241
18 0.063125 0.971875 0.021228448275862066 0.02372844827586229
06 0.16375 0.291875 0.05238636363636365 0.08863636363636365
03 0.571875 0.461875 0.018735795454545512 0.031235795454545467
09 0.663125 0.47375 0.04121951219512199 0.027469512195121948
10 0.6699999999999999 0.135625 0.022482142857142784 0.021232142857142866
