13 0.6299999999999999 0.834375 0.0724835526315789 0.026233552631578894
04 0.900625 0.38 0.031241610738254932 0.024991610738255066
06 0.67125 0.606875 0.019956896551724057 0.028706896551724204
06 0.5800000000000001 0.318125 0.05499444444444446 0.008744444444444499
11 0.94 0.846875 0.027488095238095034 0.021238095238095167
09 0.73375 0.483125 0.024992977528089932 0.0187429775280899
03 0.665 0.253125 0.02999509803921574 0.02624509803921568
04 0.944375 0.8175 0.026206896551724146 0.022456896551724226
18 0.703125 0.47062499999999996 0.01372844827586217 0.016228448275862062
06 0.116875 0.9675 0.011136363636363625 0.03238636363636371
05 0.135 0.565625 0.02248579545454546 0.0187357954545454
20 0.931875 0.61375 0.016219512195121966 0.01746951219512205
20 0.485 0.5843750000000001 0.009982142857142828 0.011232142857142802
