14 0.901875 0.936875 0.013733552631578938 0.01873355263157883
03 0.111875 0.9450000000000001 0.04124161073825505 0.014991610738254946
08 0.34125 0.045 0.00995689655172416 0.03245689655172414
01 0.11499999999999999 0.76625 0.009994444444444459 0.012494444444444364
03 0.673125 0.195 0.028738095238095118 0.029988095238095258
20 0.17625000000000002 0.44875 0.01499297752808984 0.01749297752808987
07 0.485623774509804 0.628125 0.051247549019607874 0.02374509803921565
20 0.198125 0.379375 0.016206896551724137 0.013706896551724135
04 0.65125 0.305 0.01997844827586226 0.01747844827586209
09 0.33187500000000003 0.21 0.03363636363636363 0.03738636363636366
