03 0.753125 0.13874999999999998 0.04623355263157891 0.02748355263157895
19 0.90125 0.7825 0.01999161073825495 0.02999161073825496
00 0.35750000000000004 0.164375 0.034956896551724126 0.03620689655172413
03 0.49375 0.55375 0.017494444444444535 0.03249444444444449
06 0.643125 0.923125 0.02623809523809517 0.03623809523809518
04 0.418125 0.229375 0.028742977528089853 0.03374297752808986
03 0.7075 0.190625 0.02999509803921563 0.028745098039215683
03 0.96375 0.073125 0.03745689655172413 0.031206896551724143
03 0.698125 0.9881249999999999 0.028728448275862295 0.01622844827586223
03 0.47187500000000004 0.958125 0.056136363636363595 0.03113636363636374
03 0.32062500000000005 0.200625 0.018735795454545456 0.09873579545454547
