12 0.775625 0.265 0.031233552631578898 0.03498355263157896
14 0.8206249999999999 0.5175000000000001 0.021241610738254812 0.022491610738255008
08 0.798125 0.28625 0.018706896551724084 0.02995689655172412
03 0.6487499999999999 0.56875 0.037494444444444386 0.027494444444444488
12 0.67125 0.626875 0.027488095238095145 0.041238095238095296
15 0.156875 0.981875 0.01874297752808987 0.018742977528089955
04 0.7437499999999999 0.52875 0.032495098039215686 0.017495098039215784
10 0.15875 0.198125 0.024956896551724117 0.02120689655172414
15 0.1075 0.725625 0.02497844827586207 0.018728448275862175
20 0.830625 0.398125 0.021136363636363842 0.018636363636363562
06 0.9587535511363636 0.675 0.03999289772727266 0.0649857954545453
06 0.3312576219512195 0.23375 0.047484756097560976 0.06496951219512195
13 0.6543749999999999 0.18375000000000002 0.04123214285714283 0.04248214285714283
04 0.196875 0.07625000000000001 0.026237500000000025 0.0149875
