01 0.6481250000000001 0.964375 0.023733552631578836 0.02123355263157889
12 0.6937500000000001 0.494375 0.0274916107382549 0.041241610738255
14 0.549375 0.675 0.02120689655172414 0.019956896551724168
03 0.5606249999999999 0.146875 0.028744444444444572 0.011244444444444446
02 0.18625 0.319375 0.014988095238095245 0.058738095238095256
09 0.058124999999999996 0.9125 0.041242977528089884 0.02749297752808988
10 0.16062500000000002 0.065 0.018745098039215674 0.014995098039215699
01 0.74 0.254375 0.01745689655172411 0.013706896551724135
08 0.4975 0.064375 0.014978448275862033 0.031228448275862054
13 0.15812500000000002 0.7875 0.09113636363636364 0.06238636363636374
03 0.856875 0.485 0.0337357954545453 0.019985795454545485
20 0.22062500000000002 0.605625 0.023719512195122 0.02121951219512197
