04 0.526875 0.784375 0.0362335526315789 0.0362335526315789
18 0.8975 0.4275 0.01999161073825484 0.022491610738255063
07 0.94 0.029375 0.04245689655172413 0.016206896551724137
08 0.291875 0.14750000000000002 0.013744444444444448 0.019994444444444454
03 0.104375 0.949375 0.06623809523809525 0.016238095238095163
15 0.6575 0.22749999999999998 0.007492977528089861 0.019992977528089845
03 0.08375 0.36 0.03749509803921569 0.052495098039215704
05 0.508125 0.7050000000000001 0.028706896551724148 0.04245689655172413
15 0.831875 0.424375 0.02372844827586218 0.02372844827586207
00 0.14750000000000002 0.610625 0.01988636363636362 0.018636363636363562
09 0.308125 0.71625 0.02373579545454546 0.03248579545454533
03 0.38687499999999997 0.17 0.01621951219512202 0.03246951219512195
09 0.769375 0.28500000000000003 0.036232142857142824 0.027482142857142844
