07 0.06875 0.86625 0.04248355263157895 0.012483552631578854
01 0.7662500000000001 0.76 0.0274916107382549 0.01999161073825495
02 0.7306250000000001 0.5875 0.0337068965517241 0.029956896551724066
02 0.5525 0.5874986111111111 0.06749444444444452 0.05999722222222226
03 0.18937500000000002 0.9299999999999999 0.03123809523809526 0.08498809523809514
01 0.6443749999999999 0.238125 0.0212429775280899 0.018742977528089844
05 0.92875 0.680625 0.03749509803921569 0.02374509803921565
18 0.35562499999999997 0.78125 0.021206896551724086 0.024956896551724173
03 0.8087500000000001 0.948125 0.0174784482758622 0.026228448275862126
14 0.941875 0.32999999999999996 0.033636363636363686 0.03738636363636366
11 0.196875 0.2025 0.038735795454545474 0.029985795454545466
03 0.38875000000000004 0.45499999999999996 0.034969512195121955 0.03996951219512196
03 0.084375 0.690625 0.01373214285714286 0.028732142857142873
03 0.64375 0.8075 0.057487500000000025 0.03498749999999995
