14 0.61375 0.044375 0.02498355263157892 0.02123355263157895
14 0.28625 0.5231250000000001 0.034991610738255075 0.038741610738255106
06 0.17375000000000002 0.86375 0.012456896551724134 0.024956896551724173
10 0.138125 0.770625 0.023744444444444457 0.0212444444444444
03 0.13874999999999998 0.49062500000000003 0.01748809523809522 0.03623809523809529
06 0.4193767556179775 0.49 0.05374648876404492 0.05999297752808985
14 0.38375000000000004 0.024375 0.03499509803921569 0.016245098039215686
03 0.859375 0.20937499999999998 0.0237068965517242 0.03620689655172413
03 0.6962446120689656 0.57375 0.012489224137931187 0.0274784482758621
06 0.06125 0.510625 0.06488636363636363 0.02113636363636351
03 0.55125 0.8556250000000001 0.019985795454545485 0.023735795454545294
10 0.37124999999999997 0.683125 0.014969512195121937 0.011219512195121961
