00 0.52625 0.51875 0.017483552631578858 0.014983552631578911
20 0.6812499999999999 0.17375000000000002 0.017491610738254892 0.014991610738255029
12 0.40812499999999996 0.65 0.04620689655172411 0.039956896551724075
13 0.27625 0.8975 0.05499444444444443 0.03499444444444433
14 0.12062500000000001 0.3225 0.02373809523809524 0.019988095238095305
03 0.768125 0.9425 0.016242977528089786 0.022492977528089764
04 0.439375 0.47875 0.021245098039215704 0.017495098039215673
03 0.15437499999999998 0.03125 0.09620689655172412 0.05245689655172414
07 0.858125 0.205625 0.018728448275862175 0.061228448275862046
15 0.404375 0.6118465909090909 0.016136363636363615 0.02119318181818186
01 0.59 0.7306250000000001 0.012485795454545423 0.013735795454545285
