13 0.4275 0.55375 0.15748355263157893 0.08998355263157887
03 0.358125 0.40437500000000004 0.07374161073825508 0.06374161073825507
03 0.264375 0.231875 0.13370689655172413 0.06620689655172415
10 0.43625 0.615 0.06749444444444447 0.05499444444444446
13 0.161875 0.856875 0.06373809523809523 0.15623809523809518
07 0.253125 0.90125 0.03374297752808986 0.08499297752808976
20 0.8674999999999999 0.5193749999999999 0.03999509803921575 0.031245098039215713
10 0.8225 0.144375 0.05245689655172414 0.048706896551724124
06 0.421875 0.5175000000000001 0.026228448275862015 0.05247844827586212
03 0.44499999999999995 0.5275 0.16238636363636355 0.06988636363636358
03 0.11375 0.65875 0.09498579545454547 0.09248579545454538
