08 0.770625 0.3775 0.021233552631579 0.0724835526315789
14 0.98625 0.875625 0.022491610738254897 0.0637416107382549
14 0.076875 0.2925 0.031206896551724136 0.014956896551724108
08 0.5387500000000001 0.28125 0.039994444444444555 0.029994444444444435
14 0.42000000000000004 0.754375 0.03498809523809526 0.04373809523809513
05 0.828125 0.14625 0.018742977528089844 0.04249297752808989
04 0.09 0.21437499999999998 0.032495098039215686 0.02624509803921568
02 0.58125 0.919375 0.012456896551724106 0.043706896551724106
06 0.1275 0.2825 0.022478448275862054 0.03747844827586205
08 0.623125 0.634375 0.02863636363636357 0.026136363636363624
20 0.308125 0.10062499999999999 0.018735795454545456 0.01873579545454547
08 0.9393750000000001 0.39375000000000004 0.026219512195121975 0.04996951219512197
03 0.49187499999999995 0.605 0.03623214285714277 0.09748214285714285
