08 0.59375 0.535625 0.014983552631578911 0.043733552631578965
10 0.650625 0.040624999999999994 0.008741610738254968 0.00874161073825503
18 0.076875 0.1975 0.011206896551724133 0.012456896551724134
13 0.8018749999999999 0.364375 0.02874444444444435 0.026244444444444515
18 0.308125 0.706875 0.016238095238095274 0.01873809523809511
14 0.470625 0.96875 0.01374297752808984 0.014992977528089924
03 0.1575 0.11812500000000001 0.017495098039215673 0.013745098039215684
03 0.7324999999999999 0.1925 0.012456896551724106 0.02745689655172412
02 0.20375538793103448 0.173125 0.009989224137931019 0.02372844827586207
03 0.40690340909090905 0.941875 0.02619318181818181 0.023636363636363678
04 0.88375 0.73 0.02248579545454532 0.019985795454545263
