18 0.41875 0.900625 0.014983552631578911 0.016233552631578885
04 0.5387500000000001 0.47562499999999996 0.022491610738255008 0.023741610738255037
18 0.6656249999999999 0.984375 0.011206896551724133 0.01370689655172419
03 0.8899999999999999 0.649375 0.007494444444444359 0.01874444444444434
05 0.218125 0.46 0.01123809523809527 0.027488095238095256
11 0.475 0.58375 0.024992977528089877 0.014992977528089924
03 0.052500000000000005 0.5775 0.017495098039215694 0.034995098039215744
08 0.235 0.11374999999999999 0.024956896551724145 0.019956896551724126
04 0.25625 0.160625 0.017478448275862063 0.016228448275862062
12 0.7731250000000001 0.361875 0.026136363636363735 0.026136363636363624
03 0.91625 0.055625 0.012485795454545312 0.023735795454545447
09 0.571875 0.5975 0.03121951219512198 0.029969512195122006
06 0.9312499999999999 0.9081250000000001 0.019982142857142837 0.023732142857142757
10 0.843125 0.8025 0.018737500000000074 0.014987499999999931
