14 0.40125 0.683125 0.027483552631578867 0.031233552631578898
05 0.45875 0.665 0.01999161073825506 0.032491610738254906
05 0.0925 0.79 0.03745689655172414 0.022456896551724115
10 0.78625 0.09062500000000001 0.027494444444444266 0.018744444444444466
19 0.370625 0.87875 0.031238095238095287 0.0399880952380951
03 0.66125 0.7168749999999999 0.024992977528089932 0.026242977528089795
18 0.43625 0.12 0.022495098039215733 0.02499509803921568
20 0.27125 0.52125 0.022456896551724115 0.01745689655172411
08 0.343125 0.763125 0.018728448275862064 0.036228448275862246
03 0.385625 0.430625 0.04863636363636359 0.043636363636363584
08 0.275 0.28124644886363637 0.042485795454545505 0.10249289772727274
10 0.140625 0.0675 0.02621951219512192 0.024969512195121946
