03 0.6331249999999999 0.500625 0.02123355263157889 0.0362335526315789
20 0.026875000000000003 0.576875 0.031241610738255036 0.02624161073825504
00 0.31000000000000005 0.9450000000000001 0.03995689655172413 0.032456896551724124
08 0.663125 0.2706236111111111 0.05374444444444437 0.03624722222222221
20 0.45375 0.520625 0.027488095238095256 0.02623809523809517
02 0.4774982443820225 0.089375 0.044996488764044884 0.031242977528089882
20 0.26 0.19187500000000002 0.027495098039215682 0.021245098039215676
20 0.136875 0.56125 0.041206896551724145 0.032456896551724124
06 0.10125 0.9293750000000001 0.027478448275862058 0.013728448275862282
02 0.40812499999999996 0.03934659090909091 0.05113636363636359 0.02619318181818182
12 0.445625 0.515625 0.05373579545454543 0.07873579545454551
03 0.7150000000000001 0.36375 0.024969512195122 0.027469512195122003
04 0.44625000000000004 0.339375 0.03748214285714285 0.03123214285714282
18 0.045625 0.7275 0.0337375 0.03498750000000006
