15 0.869375 0.540625 0.011233552631578991 0.016233552631578885
03 0.44125000000000003 0.22062290268456375 0.019991610738255006 0.028745805369127547
03 0.38375000000000004 0.8843749999999999 0.019956896551724113 0.023706896551724088
01 0.3275 0.5825 0.01749444444444448 0.012494444444444475
20 0.98125 0.51625 0.012488095238095132 0.01498809523809519
18 0.049375 0.614375 0.01624297752808989 0.018742977528089844
15 0.18125000000000002 0.374375 0.014995098039215699 0.008745098039215693
00 0.604375 0.081875 0.02120689655172403 0.018706896551724125
20 0.306875 0.650625 0.028728448275862073 0.028728448275862184
18 0.190625 0.778125 0.018636363636363673 0.02113636363636373
03 0.016875 0.80625 0.008735795454545456 0.037485795454545334
