20 0.96 0.7068749999999999 0.04498355263157894 0.02873355263157895
03 0.7575000000000001 0.808125 0.12249161073825487 0.13624161073825491
19 0.8475 0.351875 0.049956896551724084 0.05120689655172417
03 0.04687500000000001 0.4275 0.08374444444444445 0.06499444444444447
13 0.06812499999999999 0.744375 0.11373809523809524 0.07873809523809516
06 0.848125 0.4 0.13624297752808978 0.049992977528089844
10 0.52625 0.07375 0.03999509803921564 0.039995098039215686
20 0.88625 0.55625 0.039956896551724075 0.029956896551724066
09 0.6656249999999999 0.26875 0.036228448275862246 0.05497844827586207
06 0.629375 0.8831249999999999 0.051136363636363646 0.12113636363636371
