20 0.074375 0.01875 0.02623355263157895 0.022483552631578946
06 0.96 0.513125 0.05749161073825493 0.04874161073825506
03 0.303125 0.765625 0.02620689655172409 0.028706896551724093
08 0.48875138888888886 0.614375 0.04749722222222219 0.026244444444444515
08 0.355 0.361875 0.03498809523809526 0.021238095238095278
15 0.24875 0.64 0.04749297752808984 0.024992977528089932
15 0.0475 0.7925 0.029995098039215684 0.024995098039215735
17 0.110625 0.391875 0.031206896551724136 0.031206896551724095
03 0.168125 0.22 0.07622844827586206 0.029978448275862046
15 0.69625 0.656875 0.014886363636363753 0.023636363636363678
12 0.8825000000000001 0.5349999999999999 0.03248579545454533 0.02498579545454549
