14 0.513125 0.780625 0.03623355263157896 0.06623355263157893
10 0.32125000000000004 0.61 0.029991610738255015 0.02249161073825512
15 0.45375 0.9281250000000001 0.04745689655172414 0.05120689655172417
18 0.45687500000000003 0.700625 0.02624444444444446 0.02874444444444435
13 0.385625 0.25625 0.0462380952380953 0.10498809523809524
06 0.7525 0.5706249999999999 0.09499297752808988 0.04624297752808981
10 0.458125 0.531875 0.038745098039215664 0.028745098039215655
06 0.746875 0.768125 0.13620689655172413 0.01370689655172408
20 0.08374999999999999 0.7268749999999999 0.03747844827586207 0.03872844827586219
03 0.68375 0.41125 0.03238636363636371 0.04238636363636361
