04 0.47125 0.10375000000000001 0.03498355263157893 0.027483552631578936
18 0.93125 0.6187499999999999 0.01999161073825495 0.022491610738255008
02 0.4225 0.385625 0.024956896551724117 0.043706896551724106
03 0.47250000000000003 0.4225 0.044994444444444504 0.0374944444444445
00 0.2225 0.333125 0.03498809523809526 0.02873809523809523
03 0.71375 0.385625 0.04499297752808995 0.04874297752808987
07 0.049375 0.705625 0.07124509803921569 0.05374509803921568
03 0.46187500000000004 0.79 0.0362068965517241 0.02745689655172412
11 0.6412500000000001 0.10875 0.032478448275862104 0.02497844827586207
05 0.018750000000000003 0.7831250000000001 0.024886363636363637 0.02363636363636379
18 0.96875 0.6875 0.019985795454545263 0.022485795454545432
