20 0.23875 0.5543750000000001 0.024983552631578976 0.02123355263157889
19 0.1075 0.5706249999999999 0.012491610738255055 0.021241610738255035
09 0.33375 0.06125 0.03745689655172413 0.03495689655172415
05 0.44437499999999996 0.856875 0.031244444444444464 0.021244444444444288
03 0.83125 0.024374999999999997 0.02248809523809514 0.033738095238095234
10 0.66875 0.211875 0.027492977528089768 0.021242977528089846
18 0.953125 0.299375 0.018745098039215646 0.021245098039215704
01 0.8625 0.129375 0.029956896551724177 0.021206896551724128
14 0.104375 0.81 0.04372844827586207 0.02747844827586221
20 0.200625 0.5306249999999999 0.018636363636363673 0.02113636363636362
10 0.14125 0.3375 0.027485795454545464 0.027485795454545492
00 0.035 0.24125000000000002 0.034969512195121955 0.02246951219512197
03 0.05124553571428571 0.71375 0.024991071428571425 0.022482142857142895
06 0.596875 0.406875 0.09373750000000003 0.018737500000000018
