09 0.608125 0.915 0.07123355263157893 0.06498355263157884
05 0.08687500000000001 0.93875 0.05124161073825504 0.0274916107382549
20 0.773125 0.56 0.016206896551724137 0.014956896551724053
03 0.608125 0.54 0.013744444444444448 0.03249444444444449
00 0.515625 0.17250000000000001 0.046238095238095245 0.03998809523809527
03 0.70875 0.4525 0.039992977528089835 0.07999297752808987
18 0.33875 0.73375 0.042495098039215695 0.04499509803921575
03 0.275625 0.14375 0.05620689655172412 0.07245689655172413
03 0.15 0.63 0.03747844827586205 0.0899784482758621
03 0.303125 0.1425 0.03363636363636363 0.037386363636363606
