06 0.3375 0.47687500000000005 0.042483552631578936 0.1537335526315789
03 0.433125 0.938125 0.02624161073825504 0.0637416107382549
20 0.809375 0.39437500000000003 0.043706896551724106 0.0362068965517241
17 0.774375 0.281875 0.051244444444444315 0.05374444444444443
01 0.540625 0.6456249999999999 0.05373809523809525 0.04373809523809513
10 0.6112500000000001 0.455 0.032492977528089884 0.022492977528089875
02 0.82625 0.029375000000000002 0.08999509803921568 0.04374509803921569
03 0.799375 0.0375 0.053706896551724115 0.062456896551724136
03 0.9225000000000001 0.6581250000000001 0.059978448275862184 0.043728448275862086
11 0.5918749999999999 0.484375 0.04613636363636353 0.03613636363636363
03 0.426875 0.8625 0.058735795454545436 0.029985795454545383
18 0.8731249999999999 0.549375 0.026219512195121975 0.02871951219512192
