05 0.479375 0.43374999999999997 0.07123355263157888 0.03248355263157893
03 0.21437499999999998 0.7224999999999999 0.05124161073825503 0.09249161073825485
12 0.178125 0.846875 0.06870689655172413 0.10870689655172405
07 0.37875000000000003 0.296875 0.08249444444444448 0.07124444444444444
10 0.505625 0.26375 0.041238095238095296 0.04248809523809524
03 0.03 0.530625 0.034992977528089886 0.09124297752808985
03 0.360625 0.526875 0.061245098039215684 0.05124509803921562
03 0.36126077586206895 0.24687499999999998 0.05747844827586207 0.04620689655172411
12 0.4025 0.424375 0.049978448275862064 0.08622844827586207
08 0.8925000000000001 0.471875 0.03488636363636377 0.10613636363636358
