02 0.035625000000000004 0.188125 0.031233552631578954 0.033733552631578984
14 0.321875 0.08937500000000001 0.02124161073825509 0.036241610738255034
03 0.40812499999999996 0.65875 0.023706896551724144 0.022456896551724115
14 0.00937361111111111 0.95 0.016247222222222222 0.017494444444444368
14 0.579375 0.971875 0.016238095238095274 0.041238095238095185
03 0.38125 0.079375 0.04249297752808984 0.021242977528089887
11 0.3425 0.6625 0.019995098039215675 0.024995098039215735
12 0.88375 0.396875 0.04245689655172413 0.04620689655172411
11 0.49125 0.255 0.022478448275862095 0.022478448275862095
08 0.31625 0.80375 0.03488636363636366 0.03488636363636377
