03 0.07 0.17875000000000002 0.04498355263157895 0.042483552631578964
08 0.3175 0.464375 0.027491610738255012 0.031241610738255043
03 0.595625 0.250625 0.0387068965517241 0.0737068965517241
08 0.793125 0.59 0.01124444444444439 0.04999444444444445
20 0.07 0.44375 0.03248809523809524 0.024988095238095254
20 0.8912500000000001 0.13124999999999998 0.012492977528089866 0.012492977528089894
05 0.565 0.33 0.03749509803921569 0.022495098039215677
04 0.809375 0.6 0.036206896551724044 0.02745689655172412
05 0.639375 0.045625 0.018728448275862064 0.031228448275862065
14 0.704375 0.330625 0.033636363636363686 0.04613636363636364
