06 0.51 0.48750000000000004 0.042483552631578936 0.07998355263157891
06 0.250625 0.350625 0.07124161073825505 0.021241610738255035
07 0.35562499999999997 0.06498922413793103 0.05370689655172417 0.04997844827586206
19 0.7050000000000001 0.27749999999999997 0.029994444444444324 0.03999444444444439
03 0.70625 0.424375 0.027488095238095145 0.026238095238095283
02 0.18125000000000002 0.12125 0.02499297752808985 0.03749297752808989
12 0.493125 0.775 0.03374509803921566 0.03749509803921569
12 0.92625 0.414375 0.03495689655172418 0.0387068965517241
06 0.598125 0.9468749999999999 0.07122844827586206 0.08872844827586224
20 0.8875 0.64625 0.024886363636363762 0.022386363636363593
12 0.9512499999999999 0.2475 0.034985795454545277 0.03498579545454547
13 0.744375 0.356875 0.03871951219512204 0.051219512195122
03 0.888125 0.7275 0.011232142857142802 0.06498214285714277
