06 0.060625 0.04375 0.02873355263157895 0.03498355263157895
09 0.424375 0.159375 0.018741610738255088 0.033741610738255046
12 0.80375 0.125625 0.057456896551724146 0.03620689655172413
13 0.9175 0.848125 0.05999444444444435 0.08874444444444429
14 0.44125000000000003 0.89125 0.024988095238095254 0.05998809523809512
20 0.28875 0.611875 0.019992977528089817 0.016242977528089786
00 0.1075 0.2775 0.029995098039215684 0.032495098039215686
06 0.3925 0.56375 0.03745689655172413 0.05995689655172409
03 0.6793750000000001 0.828125 0.03872844827586219 0.028728448275862295
20 0.51875 0.604375 0.019886363636363646 0.018636363636363562
07 0.38000355113636364 0.433125 0.02999289772727276 0.041235795454545476
01 0.32875 0.626875 0.029969512195122006 0.03121951219512198
08 0.8300000000000001 0.4325 0.009982142857142828 0.0374821428571428
