15 0.959375 0.9862500000000001 0.026233552631578894 0.01748355263157897
08 0.25875 0.859375 0.052491610738255035 0.018741610738254977
06 0.8325 0.563125 0.08245689655172406 0.04120689655172405
01 0.12625 0.8556250000000001 0.037494444444444455 0.03874444444444436
10 0.294375 0.275 0.023738095238095225 0.01998809523809525
15 0.75125 0.65875 0.02499297752808982 0.01749297752808976
03 0.86375 0.6331249999999999 0.024995098039215735 0.04374509803921567
20 0.12125 0.41625 0.02745689655172412 0.022456896551724115
05 0.04375 0.201875 0.022478448275862067 0.041228448275862084
20 0.7481249999999999 0.690625 0.0336363636363638 0.02363636363636379
11 0.754375 0.17375000000000002 0.03623579545454536 0.019985795454545457
10 0.026875 0.9593750000000001 0.02371951219512195 0.016219512195121966
03 0.4075 0.79375 0.10998214285714286 0.029982142857142846
