02 0.53125 0.233125 0.019983552631578805 0.033733552631578956
18 0.619375 0.3825 0.013741610738255083 0.014991610738255057
04 0.8981250000000001 0.06375 0.018706896551724195 0.017456896551724145
03 0.9737486111111111 0.934375 0.02249722222222217 0.02874444444444435
08 0.32999999999999996 0.04625 0.01998809523809525 0.03998809523809524
06 0.19562675561797754 0.59 0.026246488764044923 0.07249297752808981
03 0.649375 0.19 0.018745098039215757 0.019995098039215675
04 0.7637499999999999 0.21625 0.02495689655172406 0.019956896551724113
03 0.01624461206896552 0.973125 0.029989224137931036 0.026228448275862237
06 0.36124999999999996 0.9675 0.014886363636363587 0.007386363636363691
