05 0.21437499999999998 0.19125 0.013733552631578966 0.034983552631578985
18 0.36125 0.6875 0.01999161073825506 0.022491610738254897
00 0.359375 0.425 0.036206896551724155 0.02745689655172412
11 0.599375 0.11125 0.023744444444444568 0.024994444444444458
19 0.22062500000000002 0.45999999999999996 0.026238095238095255 0.014988095238095245
03 0.025623244382022473 0.685 0.011246488764044944 0.047492977528089786
11 0.355 0.8106249999999999 0.02499509803921568 0.021245098039215704
02 0.875 0.2225 0.049956896551724084 0.03745689655172413
07 0.65375 0.144375 0.04747844827586212 0.03872844827586208
11 0.8975 0.2875 0.02738636363636371 0.02238636363636365
03 0.7268749999999999 0.856875 0.013735795454545285 0.09373579545454536
