11 0.11625 0.295 0.024983552631578948 0.022483552631578974
03 0.6793750000000001 0.525 0.03374161073825499 0.017491610738255003
06 0.849364224137931 0.129375 0.03872844827586208 0.06870689655172411
03 0.6018749999999999 0.285625 0.033744444444444466 0.02624444444444446
11 0.715625 0.32499999999999996 0.021238095238095167 0.024988095238095254
07 0.515625 0.25875 0.09124297752808985 0.022492977528089847
03 0.7537499999999999 0.5587500000000001 0.10749509803921564 0.08499509803921568
11 0.81125 0.6875 0.024956896551724173 0.02745689655172412
03 0.096875 0.43125 0.05372844827586207 0.017478448275862035
06 0.22749999999999998 0.49875 0.01488636363636367 0.02488636363636365
