03 0.6825 0.5925 0.03248355263157898 0.027483552631578867
06 0.5425 0.243125 0.05749161073825504 0.07874161073825509
02 0.600625 0.28186422413793105 0.0387068965517241 0.008728448275862055
09 0.101875 0.428125 0.026244444444444473 0.031244444444444464
20 0.38125 0.7350000000000001 0.014988095238095245 0.012488095238095132
03 0.468125 0.7112499999999999 0.018742977528089844 0.02499297752808982
10 0.570625 0.464375 0.0162450980392157 0.018745098039215702
03 0.236875 0.8631249999999999 0.013706896551724135 0.03120689655172415
03 0.555625 0.48874999999999996 0.04122844827586203 0.024978448275862042
10 0.864375 0.8375 0.023636363636363678 0.019886363636363757
03 0.865 0.7775000000000001 0.02248579545454532 0.024985795454545268
03 0.34750000000000003 0.586875 0.024969512195121946 0.03121951219512198
