04 0.40625 0.07625 0.03498355263157893 0.032483552631578955
15 0.24625000000000002 0.445 0.032491610738255045 0.042491610738255026
00 0.903125 0.81375 0.036206896551724044 0.032456896551724124
06 0.1900013888888889 0.16874999999999998 0.06499722222222223 0.029994444444444435
08 0.5700000000000001 0.128125 0.017488095238095247 0.04373809523809523
10 0.124375 0.16125 0.031242977528089882 0.02749297752808985
02 0.59875 0.5662499999999999 0.03749509803921569 0.07249509803921572
15 0.76625 0.8981250000000001 0.0549568965517242 0.07120689655172419
06 0.1625 0.39125 0.062478448275862075 0.11747844827586207
18 0.139375 0.12812500000000002 0.026136363636363624 0.02863636363636364
