07 0.1675 0.266875 0.01998355263157897 0.03373355263157901
06 0.22625209731543625 0.831875 0.06249580536912752 0.031241610738254932
20 0.26375 0.248125 0.01745689655172411 0.013706896551724135
06 0.645 0.285625 0.07249444444444453 0.01624444444444445
14 0.576875 0.52125 0.01873809523809522 0.04748809523809533
06 0.934375 0.31937499999999996 0.05124297752808993 0.06374297752808983
09 0.28 0.234375 0.022495098039215733 0.0162450980392157
06 0.20875 0.366864224137931 0.04995689655172411 0.01372844827586206
03 0.015625 0.694375 0.01872844827586207 0.026228448275862237
09 0.786875 0.22375 0.018636363636363784 0.027386363636363653
03 0.770625 0.201875 0.03873579545454531 0.02123579545454546
03 0.87125 0.060625 0.05246951219512197 0.05871951219512195
20 0.46125000000000005 0.793125 0.01248214285714283 0.01373214285714286
