07 0.794375 0.3725 0.018733552631578942 0.0624835526315789
14 0.163125 0.41625 0.033741610738255046 0.034991610738255075
03 0.733125 0.5643750000000001 0.016206896551724137 0.02120689655172414
08 0.43374999999999997 0.445 0.044994444444444504 0.022494444444444484
03 0.175 0.343125 0.014988095238095273 0.02373809523809528
15 0.22312500000000002 0.150625 0.01624297752808987 0.013742977528089895
11 0.245 0.40625 0.034995098039215716 0.01999509803921573
20 0.349375 0.3375 0.016206896551724137 0.014956896551724108
03 0.653125 0.965625 0.018728448275862175 0.02372844827586229
04 0.38187499999999996 0.879375 0.02613636363636357 0.026136363636363735
15 0.825 0.22375 0.014985795454545259 0.03498579545454547
16 0.5275000000000001 0.47 0.024969512195122 0.04246951219512202
