08 0.496875 0.221875 0.01123355263157888 0.06373355263157895
03 0.7562520973154363 0.20124999999999998 0.027495805369127435 0.032491610738255045
20 0.17375000000000002 0.19187500000000002 0.022456896551724143 0.021206896551724114
13 0.104375 0.944375 0.09624444444444445 0.03624444444444441
20 0.944375 0.196875 0.031238095238095176 0.028738095238095285
09 0.211875 0.466875 0.03624297752808986 0.03374297752808986
09 0.81125 0.488125 0.0474950980392157 0.03374509803921566
20 0.074375 0.83375 0.03370689655172413 0.02745689655172412
05 0.054375 0.025625000000000002 0.02872844827586206 0.02372844827586207
19 0.24562499999999998 0.0325 0.03863636363636366 0.017386363636363634
12 0.774375 0.5218750000000001 0.04373579545454531 0.04623579545454548
