11 0.22312500000000002 0.685 0.033733552631578984 0.022483552631578863
03 0.7593749999999999 0.33999999999999997 0.018741610738254866 0.022491610738255063
15 0.441875 0.7675000000000001 0.031206896551724095 0.03495689655172407
03 0.585 0.509375 0.03499444444444444 0.013744444444444559
20 0.12 0.9137500000000001 0.014988095238095231 0.014988095238095078
11 0.33875 0.5081249999999999 0.032492977528089884 0.03374297752808986
04 0.39437500000000003 0.573125 0.02874509803921571 0.021245098039215593
00 0.205625 0.290625 0.03620689655172413 0.023706896551724144
20 0.186875 0.108125 0.02122844827586204 0.018728448275862064
07 0.5981534090909091 0.6512215909090909 0.02119318181818186 0.02744318181818195
03 0.80875 0.19 0.017485795454545316 0.029985795454545466
07 0.3968826219512195 0.25125 0.041234756097561 0.05496951219512197
