14 0.36312500000000003 0.60875 0.038733552631578905 0.022483552631578974
02 0.076875 0.846875 0.02874161073825504 0.03124161073825482
06 0.341875 0.806875 0.03120689655172415 0.011206896551724133
09 0.856875 0.651875 0.02874444444444435 0.02874444444444446
06 0.14250000000000002 0.7175 0.022488095238095224 0.07998809523809514
13 0.5549999999999999 0.775625 0.04499297752808984 0.036242977528089915
14 0.1325 0.256875 0.03999509803921569 0.028745098039215683
12 0.24062499999999998 0.7050000000000001 0.031206896551724123 0.039956896551724186
19 0.065 0.91625 0.02997844827586206 0.022478448275862206
04 0.806875 0.149375 0.03113636363636374 0.028636363636363626
