14 0.934375 0.725625 0.061233552631578925 0.033733552631578845
04 0.6425 0.910625 0.04999161073825498 0.03374161073825488
03 0.9550000000000001 0.16625 0.022456896551724115 0.06995689655172413
09 0.028751388888888885 0.46187500000000004 0.044997222222222216 0.03374444444444452
03 0.35375 0.953125 0.07498809523809524 0.05373809523809503
18 0.5687500000000001 0.57125 0.03499297752808983 0.03749297752808989
08 0.12937622549019606 0.6512487745098039 0.05874754901960785 0.07499754901960787
15 0.26125 0.168125 0.04995689655172414 0.08620689655172414
01 0.18875 0.599375 0.024978448275862042 0.018728448275862064
09 0.306875 0.6950000000000001 0.05363636363636365 0.047386363636363726
03 0.854375 0.240625 0.058735795454545325 0.0737357954545455
