09 0.19624999999999998 0.954375 0.05748355263157898 0.05873355263157887
14 0.6893750000000001 0.398125 0.02374161073825498 0.031241610738255043
03 0.44375 0.92625 0.04745689655172414 0.03495689655172418
20 0.193125 0.78625 0.018744444444444425 0.019994444444444426
20 0.225 0.665 0.027488095238095256 0.02998809523809509
03 0.8456267556179775 0.094375 0.02124648876404489 0.0487429775280899
03 0.22749999999999998 0.5587500000000001 0.009995098039215694 0.03999509803921575
03 0.04125 0.3 0.039956896551724144 0.04245689655172413
08 0.23 0.78 0.052478448275862066 0.0174784482758622
06 0.2025 0.47750000000000004 0.01488636363636367 0.059886363636363626
06 0.955 0.8987499999999999 0.037485795454545334 0.014985795454545259
