01 0.499375 0.48125 0.026233552631578894 0.019983552631578916
10 0.39625 0.41812499999999997 0.03749161073825502 0.03874161073825505
08 0.60375 0.155625 0.029956896551724066 0.06120689655172415
14 0.36312500000000003 0.605 0.028744444444444517 0.03249444444444449
03 0.6443749999999999 0.440625 0.03873809523809524 0.03623809523809529
05 0.8275 0.9125 0.0474929775280899 0.029992977528089826
03 0.0625 0.015625 0.02749509803921569 0.013745098039215689
03 0.82375 0.299375 0.024956896551724173 0.05120689655172417
06 0.155625 0.09061961206896552 0.07622844827586207 0.028739224137931035
02 0.721875 0.6625000000000001 0.04113636363636375 0.047386363636363726
