12 0.9687541118421052 0.448125 0.05999177631578945 0.07123355263157893
00 0.813125 0.065 0.046241610738254835 0.042491610738255046
15 0.07624999999999998 0.753125 0.027456896551724133 0.04870689655172411
08 0.27125 0.909375 0.047494444444444395 0.08124444444444434
03 0.253125 0.6056250000000001 0.05623809523809528 0.06623809523809532
06 0.52125 0.18 0.15999297752808989 0.04999297752808987
10 0.5275 0.515 0.049995098039215646 0.05249509803921565
03 0.655 0.646875 0.029956896551724177 0.04870689655172411
13 0.4375 0.73875 0.12747844827586202 0.1424784482758622
03 0.955 0.61875 0.04238636363636372 0.03988636363636355
