03 0.255625 0.44499999999999995 0.016233552631578968 0.059983552631578896
15 0.614375 0.681875 0.023741610738255092 0.018741610738254977
03 0.41000000000000003 0.388125 0.044956896551724135 0.023706896551724088
03 0.665 0.605625 0.027494444444444377 0.036244444444444524
14 0.9237500000000001 0.61125 0.05248809523809517 0.04248809523809527
18 0.8518749999999999 0.16125 0.0212429775280899 0.02499297752808985
03 0.13 0.361875 0.05749509803921571 0.02624509803921571
03 0.24375 0.028749999999999998 0.03995689655172413 0.017456896551724135
12 0.50125 0.15125 0.07497844827586209 0.04247844827586206
01 0.6950000000000001 0.424375 0.024886363636363762 0.023636363636363567
18 0.183125 0.8987499999999999 0.02373579545454546 0.024985795454545268
09 0.806875 0.57375 0.03871951219512204 0.027469512195121948
13 0.270625 0.700625 0.036232142857142824 0.08123214285714286
