15 0.6975 0.2725 0.07998355263157886 0.03748355263157899
09 0.828125 0.595 0.048741610738255 0.034991610738255075
03 0.28500000000000003 0.7281249999999999 0.02995689655172412 0.06370689655172412
03 0.36124999999999996 0.871875 0.06749444444444447 0.03874444444444436
11 0.215625 0.28625 0.04623809523809527 0.049988095238095276
14 0.604375 0.756875 0.053742977528089764 0.03374297752808986
00 0.401875 0.91875 0.043745098039215724 0.042495098039215695
01 0.239375 0.186875 0.01870689655172414 0.013706896551724107
03 0.1925 0.21687499999999998 0.03247844827586205 0.02372844827586204
03 0.396875 0.9493750000000001 0.038636363636363635 0.05863636363636371
12 0.385 0.405625 0.04248579545454545 0.08123579545454546
