05 0.83 0.980625 0.02498355263157892 0.013733552631578938
05 0.55125 0.506875 0.02249161073825512 0.01624161073825503
01 0.431875 0.3 0.016206896551724137 0.012456896551724106
18 0.6325000000000001 0.7381249999999999 0.014994444444444421 0.01874444444444434
20 0.8812500000000001 0.393125 0.02248809523809514 0.016238095238095274
00 0.274375 0.771875 0.018742977528089844 0.018742977528089844
10 0.899375 0.4325 0.0162450980392157 0.014995098039215726
18 0.41375 0.66125 0.012456896551724106 0.014956896551724164
08 0.703125 0.9125 0.008728448275862277 0.03497844827586216
04 0.42125 0.315 0.012386363636363584 0.014886363636363642
03 0.6112500000000001 0.7675 0.027485795454545436 0.037485795454545334
06 0.72125 0.445625 0.019969512195121886 0.013719512195122019
03 0.6231249999999999 0.6512500000000001 0.03123214285714282 0.019982142857142837
