20 0.226875 0.92875 0.011233552631578964 0.00748355263157896
12 0.584375 0.414375 0.04374161073825511 0.04624161073825506
18 0.714375 0.895625 0.011206896551724133 0.01370689655172419
10 0.8456250000000001 0.27437500000000004 0.01874444444444434 0.01624444444444445
01 0.08 0.55 0.00998809523809524 0.007488095238095238
11 0.07999999999999999 0.8731249999999999 0.019992977528089886 0.0212429775280899
03 0.663125 0.41375 0.0162450980392157 0.017495098039215673
07 0.094375 0.665625 0.026206896551724118 0.01370689655172419
20 0.8225 0.176875 0.014978448275862144 0.011228448275862057
03 0.75375 0.71375 0.019886363636363757 0.029886363636363766
04 0.96625 0.6287499999999999 0.02248579545454532 0.027485795454545436
20 0.534375 0.2675 0.018719512195121912 0.014969512195121992
