17 0.046875 0.32625 0.02873355263157895 0.022483552631578974
12 0.93625 0.06 0.02999161073825496 0.029991610738255035
12 0.24375 0.75625 0.044956896551724135 0.03745689655172413
03 0.15187499999999998 0.533125 0.018744444444444452 0.026244444444444515
03 0.11625 0.77875 0.03248809523809523 0.024988095238095087
02 0.34625 0.0375 0.032492977528089884 0.04499297752808989
01 0.5956250000000001 0.16375 0.018745098039215757 0.014995098039215699
01 0.7718750000000001 0.460625 0.023706896551724088 0.023706896551724088
03 0.18562499999999998 0.455625 0.05622844827586207 0.01372844827586206
20 0.6799999999999999 0.20750000000000002 0.014886363636363753 0.012386363636363668
15 0.84375 0.259375 0.022485795454545432 0.02373579545454546
