06 0.11000000000000001 0.490625 0.11998355263157898 0.08373355263157894
14 0.684375 0.506875 0.0537416107382549 0.05624161073825501
13 0.41000000000000003 0.548125 0.19245689655172415 0.07370689655172413
03 0.11812500000000001 0.525 0.026244444444444473 0.04499444444444456
20 0.80375 0.55625 0.04248809523809516 0.03498809523809521
07 0.09 0.769375 0.08749297752808988 0.03874297752808986
15 0.50875 0.9650000000000001 0.017495098039215673 0.04499509803921564
20 0.28 0.030625000000000003 0.03745689655172413 0.02870689655172414
06 0.175 0.5900000000000001 0.11247844827586205 0.08747844827586204
13 0.326875 0.6675 0.08613636363636362 0.11738636363636357
