03 0.385 0.50875 0.022483552631578918 0.03248355263157887
06 0.856875 0.025625 0.02374161073825498 0.03374161073825503
20 0.21687499999999998 0.559375 0.021206896551724114 0.023706896551724088
00 0.42 0.739375 0.03249444444444449 0.023744444444444346
17 0.37312500000000004 0.9181250000000001 0.03373809523809529 0.03373809523809512
00 0.26937500000000003 0.7050000000000001 0.038742977528089806 0.032492977528089884
20 0.186875 0.8531249999999999 0.03374509803921569 0.03374509803921566
09 0.69875 0.371875 0.01745689655172411 0.03120689655172415
13 0.6775 0.26875 0.04497844827586217 0.06997844827586205
11 0.283125 0.133125 0.028636363636363682 0.02113636363636362
