09 0.5587500000000001 0.426875 0.019983552631578916 0.0362335526315789
03 0.08875 0.35062499999999996 0.03999161073825504 0.02874161073825504
02 0.66625 0.64625 0.05245689655172414 0.06245689655172404
04 0.824375 0.22312500000000002 0.033744444444444355 0.02374444444444443
03 0.41000000000000003 0.54375 0.03998809523809527 0.05998809523809523
18 0.826875 0.9606250000000001 0.0212429775280899 0.023742977528089848
03 0.12937500000000002 0.42125 0.0512450980392157 0.017495098039215673
03 0.21000000000000002 0.7462500000000001 0.009956896551724131 0.04245689655172413
00 0.455625 0.8325 0.03122844827586202 0.024978448275862153
04 0.26187499999999997 0.05625 0.028636363636363654 0.019886363636363633
13 0.8075 0.744375 0.054985795454545405 0.12123579545454533
