06 0.9550000000000001 0.6387499999999999 0.027483552631578978 0.04498355263157883
03 0.21500209731543624 0.37375 0.05999580536912752 0.047491610738255086
03 0.24312499999999998 0.668125 0.03620689655172413 0.036206896551724155
04 0.175 0.14250000000000002 0.03749444444444444 0.029994444444444462
07 0.294375 0.576875 0.01873809523809522 0.05373809523809525
03 0.545625 0.320625 0.04124297752808981 0.03374297752808986
05 0.16562500000000002 0.788125 0.031245098039215685 0.03374509803921566
06 0.139375 0.573125 0.10370689655172412 0.028706896551724093
11 0.13125 0.8656250000000001 0.052478448275862066 0.0487284482758622
15 0.879375 0.569375 0.05863636363636371 0.043636363636363584
03 0.124375 0.95125 0.07373579545454548 0.037485795454545334
06 0.365625 0.84125 0.023719512195121972 0.0399695121951219
03 0.98 0.925 0.029982142857142846 0.02498214285714284
