08 0.47250000000000003 0.16125 0.052483552631578945 0.022483552631578974
04 0.7762500000000001 0.32 0.03749161073825491 0.034991610738255075
03 0.20875 0.523125 0.06745689655172413 0.058706896551724064
18 0.45687500000000003 0.34062499999999996 0.02624444444444446 0.028744444444444517
10 0.438125 0.07125 0.046238095238095245 0.03498809523809523
02 0.5625 0.6681250000000001 0.07249297752808981 0.05624297752808982
04 0.53 0.528125 0.034995098039215744 0.02624509803921571
04 0.49875 0.5875 0.03495689655172418 0.039956896551724075
03 0.889375 0.314375 0.036228448275862246 0.03372844827586208
09 0.7887500000000001 0.21875 0.03488636363636377 0.06488636363636369
01 0.8512500000000001 0.47125 0.03998579545454539 0.02498579545454549
