15 0.948125 0.9325 0.016233552631578885 0.022483552631578974
12 0.7887500000000001 0.459375 0.029991610738254848 0.031241610738255043
03 0.2025 0.77875 0.012456896551724134 0.01745689655172422
15 0.4525 0.9293750000000001 0.00749444444444447 0.013744444444444448
20 0.82375 0.640625 0.019988095238095083 0.016238095238095163
08 0.04124824438202247 0.348125 0.022496488764044947 0.02624297752808985
03 0.641875 0.6212500000000001 0.03624509803921572 0.02999509803921574
13 0.794375 0.113125 0.04120689655172416 0.04370689655172412
15 0.5943750000000001 0.545625 0.01372844827586206 0.016228448275862117
04 0.4225 0.44625 0.01988636363636359 0.01738636363636359
