20 0.201875 0.9762500000000001 0.018733552631578998 0.01748355263157897
02 0.89625 0.486875 0.024991610738254844 0.04124161073825505
04 0.095 0.53625 0.02745689655172412 0.029956896551724066
03 0.459375 0.7525 0.048744444444444535 0.02499444444444443
00 0.795625 0.403125 0.03373809523809512 0.03623809523809529
06 0.2750017556179776 0.5449999999999999 0.07999648876404492 0.07249297752808992
15 0.044375 0.115 0.026245098039215688 0.022495098039215705
03 0.40875 0.73 0.02745689655172412 0.04245689655172413
14 0.16312500000000002 0.36875 0.03372844827586205 0.024978448275862097
13 0.544375 0.683125 0.08113636363636367 0.036136363636363744
09 0.421875 0.91875 0.04623579545454548 0.034985795454545277
14 0.035625 0.881875 0.023719512195121945 0.026219512195121975
03 0.9175 0.303125 0.02498214285714284 0.058732142857142844
