03 0.961875 0.7293750000000001 0.06623355263157893 0.04123355263157891
10 0.715625 0.685625 0.04874161073825489 0.04374161073825489
04 0.5762499999999999 0.31625000000000003 0.07245689655172416 0.03995689655172413
05 0.04375 0.5137499999999999 0.062494444444444436 0.06499444444444447
15 0.2975 0.199375 0.014988095238095245 0.056238095238095254
14 0.596875 0.291875 0.07124297752808983 0.14374297752808984
18 0.54875 0.796875 0.03749509803921569 0.038745098039215664
02 0.856875 0.860625 0.043706896551724106 0.08620689655172409
12 0.59375 0.496875 0.07497844827586198 0.07622844827586206
04 0.39312499999999995 0.6156250000000001 0.056136363636363595 0.05613636363636376
