15 0.18062500000000004 0.43125 0.06373355263157895 0.09998355263157893
10 0.259375 0.15000000000000002 0.043741610738255055 0.029991610738255042
03 0.588125 0.571875 0.06620689655172418 0.1012068965517241
19 0.915 0.889375 0.04999444444444434 0.07124444444444433
11 0.35375 0.37749999999999995 0.06748809523809529 0.04498809523809527
08 0.271875 0.544375 0.06374297752808986 0.06124297752808994
08 0.7224999999999999 0.8925000000000001 0.07499509803921567 0.042495098039215695
03 0.94375 0.66625 0.057456896551724146 0.04745689655172414
08 0.943125 0.568125 0.04122844827586225 0.08622844827586207
03 0.526875 0.114375 0.13363636363636355 0.06863636363636362
08 0.6575 0.648125 0.027485795454545325 0.11623579545454543
