07 0.5643791118421053 0.05875 0.03624177631578951 0.06248355263157895
08 0.245 0.568125 0.05749161073825504 0.028741610738254986
06 0.46187500000000004 0.11687499999999999 0.0362068965517241 0.09620689655172412
11 0.26 0.07875000000000001 0.03249444444444441 0.03499444444444445
12 0.36875 0.875 0.049988095238095276 0.037488095238095154
04 0.023125 0.398125 0.033742977528089885 0.03374297752808986
03 0.205625 0.9312499999999999 0.02874509803921571 0.07249509803921572
03 0.184375 0.29875 0.033706896551724125 0.06245689655172415
03 0.296875 0.113125 0.05622844827586204 0.028728448275862073
04 0.351875 0.5137499999999999 0.043636363636363584 0.03488636363636355
03 0.6637500000000001 0.49624999999999997 0.044985795454545285 0.06998579545454547
03 0.593125 0.561875 0.051219512195122 0.02121951219512197
15 0.483125 0.2675 0.038732142857142826 0.019982142857142837
