13 0.38687499999999997 0.8812500000000001 0.18373355263157892 0.08248355263157892
08 0.07625000000000001 0.41125 0.07249161073825504 0.06749161073825505
13 0.37812500000000004 0.4475 0.06620689655172413 0.15995689655172418
09 0.38 0.421875 0.0374944444444445 0.09374444444444452
14 0.334375 0.6693749999999999 0.038738095238095294 0.07873809523809516
08 0.68375 0.42125 0.07249297752808981 0.06999297752808986
08 0.081875 0.379375 0.046245098039215685 0.05624509803921568
07 0.920625 0.135625 0.06370689655172412 0.03870689655172414
01 0.313125 0.6625000000000001 0.04872844827586209 0.04747844827586223
01 0.296875 0.764375 0.03863636363636369 0.03863636363636369
20 0.85875 0.454375 0.02498579545454538 0.02373579545454546
14 0.469375 0.88375 0.08371951219512197 0.04246951219512196
07 0.5662499999999999 0.51875 0.0424821428571428 0.12998214285714288
