04 0.29375 0.291875 0.027483552631578978 0.018733552631578942
08 0.7075 0.42562500000000003 0.02999161073825496 0.046241610738255
11 0.72125 0.46125000000000005 0.02745689655172423 0.02995689655172412
15 0.30437500000000006 0.835625 0.03624444444444447 0.023744444444444346
15 0.965 0.07250000000000001 0.017488095238095136 0.022488095238095238
04 0.634375 0.9281250000000001 0.036242977528089915 0.03374297752808986
13 0.2275 0.22875 0.03999509803921569 0.052495098039215704
00 0.39375 0.494375 0.02745689655172412 0.026206896551724146
03 0.66625 0.16125 0.03747844827586222 0.027478448275862072
03 0.47750000000000004 0.75125 0.04488636363636361 0.03738636363636372
00 0.03125 0.40125 0.03748579545454545 0.027485795454545436
