03 0.21875 0.186875 0.027483552631578978 0.02873355263157898
03 0.66125 0.038125 0.032491610738254906 0.02124161073825503
07 0.90375 0.078125 0.03745689655172413 0.008706896551724144
10 0.770625 0.66625 0.013744444444444337 0.012494444444444364
03 0.064375 0.485625 0.016238095238095225 0.01123809523809527
03 0.09375175561797752 0.17062324438202248 0.024996488764044936 0.02374648876404492
07 0.421875 0.9199999999999999 0.02374509803921565 0.024995098039215624
03 0.35625 0.215625 0.01745689655172411 0.01870689655172411
01 0.6425000000000001 0.87375 0.022478448275862095 0.01997844827586226
03 0.210625 0.12312500000000001 0.018636363636363673 0.02863636363636364
02 0.8375 0.10624644886363638 0.017485795454545316 0.019992897727272738
01 0.9931326219512195 0.525 0.0037347560975610206 0.007469512195122041
13 0.09062500000000001 0.349375 0.021232142857142852 0.048732142857142835
