06 0.8656250000000001 0.8899999999999999 0.1037335526315789 0.0624835526315789
03 0.88625 0.8768750000000001 0.017491610738254892 0.06874161073825491
16 0.696875 0.6012500000000001 0.026206896551724146 0.04245689655172413
07 0.1999986111111111 0.4525 0.08499722222222222 0.027494444444444488
03 0.190625 0.27749999999999997 0.07373809523809524 0.03498809523809526
08 0.61 0.76 0.024992977528089932 0.03249297752808977
03 0.619375 0.36125 0.031245098039215602 0.052495098039215704
02 0.901875 0.089375 0.0337068965517241 0.02120689655172414
10 0.040624999999999994 0.6312500000000001 0.023728448275862065 0.022478448275862095
18 0.9137500000000001 0.56875 0.0173863636363637 0.019886363636363535
06 0.651875 0.03625 0.04623579545454537 0.032485795454545455
03 0.128125 0.63125 0.04371951219512196 0.04246951219512196
03 0.3031294642857143 0.584375 0.0212410714285714 0.02373214285714287
