00 0.75625 0.791875 0.017483552631578858 0.016233552631578885
01 0.485625 0.15812500000000002 0.013741610738255028 0.011241610738255053
08 0.696875 0.463125 0.026206896551724146 0.04870689655172411
04 0.18 0.42625 0.017494444444444424 0.014994444444444477
08 0.1674970238095238 0.38249702380952383 0.03499404761904765 0.027494047619047612
07 0.384375 0.47250000000000003 0.02624297752808985 0.024992977528089877
10 0.08687500000000001 0.14375 0.026245098039215695 0.02749509803921571
04 0.4975 0.813125 0.022456896551724115 0.018706896551724084
18 0.555625 0.146875 0.016228448275862006 0.018728448275862064
06 0.778125 0.8 0.011136363636363722 0.03738636363636372
