18 0.766875 0.635 0.023733552631578947 0.02498355263157892
03 0.6056250000000001 0.43875 0.043741610738255 0.01749161073825506
03 0.93875 0.5275 0.022456896551724115 0.05995689655172409
18 0.40249999999999997 0.924375 0.027494444444444543 0.031244444444444297
03 0.255 0.80375 0.08498809523809525 0.06498809523809512
03 0.640625 0.439375 0.043742977528089755 0.028742977528089853
18 0.14875 0.519375 0.022495098039215677 0.02624509803921571
06 0.9025 0.846875 0.03745689655172413 0.028706896551724204
17 0.834375 0.17812499999999998 0.0437284482758622 0.04622844827586206
00 0.576875 0.951875 0.04113636363636364 0.04113636363636375
08 0.17625355113636362 0.3 0.12249289772727272 0.01498579545454548
06 0.28500762195121954 0.6468750000000001 0.09998475609756102 0.056219512195122
18 0.693125 0.713125 0.026232142857142815 0.02873214285714276
03 0.641875 0.49749999999999994 0.0637375 0.07248749999999998
