14 0.2625 0.26625 0.03248355263157898 0.044983552631578994
15 0.8225 0.5424979026845638 0.02999161073825496 0.02249580536912754
04 0.6837500000000001 0.6325 0.03495689655172407 0.02745689655172412
12 0.14625 0.5025 0.04749444444444445 0.06499444444444447
02 0.955 0.4575 0.04998809523809511 0.03248809523809526
20 0.250625 0.32875 0.028742977528089853 0.022492977528089875
02 0.733125 0.579375 0.06874509803921569 0.05124509803921573
15 0.763125 0.215625 0.026206896551724035 0.01870689655172411
13 0.5706249999999999 0.82875 0.11372844827586215 0.0749784482758622
12 0.9175 0.13875 0.04238636363636372 0.04988636363636363
06 0.1925 0.6018749999999999 0.047485795454545454 0.10123579545454542
07 0.840625 0.334375 0.04121951219512199 0.03621951219512198
