11 0.5856250000000001 0.665625 0.031233552631578898 0.02873355263157884
03 0.580625 0.36375 0.048741610738255114 0.03499161073825502
11 0.875 0.33499999999999996 0.032456896551724235 0.024956896551724117
12 0.436875 0.2025 0.04124444444444447 0.04499444444444442
03 0.755 0.193125 0.052488095238095056 0.038738095238095266
07 0.515625 0.763125 0.011242977528089781 0.04874297752808976
02 0.478125 0.105 0.043745098039215724 0.049995098039215674
12 0.173125 0.24812499999999998 0.043706896551724106 0.04120689655172413
15 0.04125 0.37375 0.06247844827586207 0.029978448275862102
11 0.7224999999999999 0.5325 0.03738636363636372 0.03488636363636355
