07 0.6256291118421053 0.43625 0.021241776315789385 0.04748355263157894
10 0.45125000000000004 0.84875 0.022491610738255063 0.022491610738254897
14 0.75125 0.32625000000000004 0.024956896551724173 0.044956896551724135
04 0.663125 0.881875 0.016244444444444395 0.01874444444444434
13 0.353125 0.850625 0.038738095238095294 0.06123809523809509
10 0.101875 0.770625 0.011242977528089879 0.011242977528089781
11 0.22875 0.45375 0.022495098039215705 0.019995098039215675
15 0.7068749999999999 0.63125 0.011206896551724133 0.014956896551724164
19 0.30874999999999997 0.405 0.019978448275862093 0.024978448275862097
03 0.17625000000000002 0.205625 0.029886363636363683 0.023636363636363678
18 0.61375 0.60625 0.01498579545454548 0.017485795454545427
04 0.40625 0.71375 0.019969512195121997 0.022469512195121943
08 0.67125 0.719375 0.01748214285714278 0.02373214285714287
