03 0.82125 0.29000000000000004 0.07748355263157891 0.04748355263157894
04 0.966875 0.32875 0.04374161073825489 0.03749161073825502
18 0.45625000000000004 0.406875 0.02995689655172412 0.03120689655172415
18 0.325625 0.16749999999999998 0.02874444444444446 0.03249444444444444
03 0.9 0.90375 0.04748809523809516 0.034988095238095096
18 0.1925 0.221875 0.02749297752808985 0.031242977528089855
10 0.345 0.7775000000000001 0.03999509803921569 0.032495098039215686
13 0.9043749999999999 0.7637499999999999 0.0962068965517241 0.13995689655172405
03 0.183125 0.590625 0.018728448275862064 0.08122844827586206
09 0.059375000000000004 0.8775 0.053636363636363635 0.04238636363636383
18 0.515625 0.31875 0.031235795454545467 0.03498579545454544
