20 0.18 0.8200000000000001 0.024983552631578976 0.01748355263157897
20 0.625 0.439375 0.024991610738255066 0.02624161073825504
18 0.09562499999999999 0.7068749999999999 0.021206896551724128 0.023706896551724088
14 0.715625 0.90375 0.04624444444444442 0.029994444444444324
03 0.253125 0.06125 0.03123809523809526 0.024988095238095226
08 0.920625 0.896875 0.043742977528089866 0.026242977528089906
01 0.609375 0.428125 0.018745098039215646 0.018745098039215702
03 0.576875 0.675625 0.043706896551724106 0.05870689655172412
12 0.049999999999999996 0.09625 0.034978448275862065 0.03747844827586207
02 0.854375 0.266875 0.018636363636363784 0.023636363636363622
03 0.8875 0.434375 0.12248579545454541 0.061235795454545494
19 0.0925 0.4275 0.022469512195121943 0.03246951219512195
07 0.67 0.8075 0.04498214285714286 0.039982142857142744
05 0.856875 0.185 0.03373750000000009 0.022487499999999994
