06 0.10875 0.5743708881578948 0.08248355263157894 0.028741776315789447
06 0.069375 0.6875 0.06624161073825505 0.05749161073825482
00 0.14125 0.871875 0.02995689655172415 0.026206896551724146
20 0.291875 0.15562499999999999 0.023744444444444457 0.02624444444444446
11 0.08875 0.8725 0.02998809523809523 0.03248809523809515
02 0.023125 0.746875 0.018742977528089885 0.03374297752808986
06 0.893125 0.07250000000000001 0.036245098039215606 0.0874950980392157
03 0.113125 0.015000000000000001 0.016206896551724123 0.02745689655172414
15 0.8843696120689655 0.6106196120689655 0.01373922413793116 0.016239224137930997
03 0.69625 0.821875 0.014886363636363753 0.02113636363636373
03 0.104375 0.2 0.016235795454545468 0.04748579545454548
07 0.345625 0.36875 0.03121951219512198 0.022469512195122
