03 0.06999999999999999 0.06125 0.039983552631578954 0.04748355263157894
04 0.5325 0.7675000000000001 0.017491610738255003 0.014991610738254946
07 0.31062500000000004 0.649375 0.0362068965517241 0.09120689655172409
03 0.428125 0.049375 0.018744444444444508 0.06124444444444444
20 0.8218749999999999 0.761875 0.023738095238095114 0.01873809523809511
03 0.765625 0.46187500000000004 0.033742977528089746 0.021242977528089846
16 0.68125 0.13 0.03999509803921564 0.03749509803921569
03 0.744375 0.18375 0.046206896551724164 0.044956896551724135
03 0.7649999999999999 0.870625 0.03747844827586222 0.03372844827586219
20 0.06562499999999999 0.235625 0.01863636363636363 0.013636363636363669
