04 0.143125 0.5731250000000001 0.04623355263157895 0.04123355263157891
00 0.5856250000000001 0.41437500000000005 0.056241610738254955 0.033741610738255046
01 0.42374999999999996 0.2775 0.034956896551724126 0.032456896551724124
03 0.90125 0.30375 0.08749444444444432 0.04499444444444445
03 0.2775 0.905625 0.04248809523809527 0.04623809523809519
18 0.251875 0.5125 0.03874297752808986 0.04249297752808989
03 0.37187499999999996 0.9256249999999999 0.02874509803921571 0.04124509803921572
03 0.509375 0.130625 0.08870689655172415 0.05870689655172412
06 0.770625 0.569375 0.08622844827586218 0.09872844827586202
15 0.746875 0.74125 0.02113636363636373 0.03738636363636372
14 0.3975 0.9156249999999999 0.07748579545454548 0.041235795454545365
20 0.165 0.53375 0.024969512195121946 0.01746951219512194
