03 0.9137500000000001 0.93375 0.012483552631578854 0.027483552631578867
14 0.698125 0.27749999999999997 0.021241610738254924 0.03249161073825507
03 0.11438577586206897 0.4625 0.01372844827586206 0.024956896551724117
20 0.550625 0.5675 0.018744444444444452 0.019994444444444426
08 0.308125 0.3725 0.016238095238095274 0.0149880952380953
03 0.47187500000000004 0.895625 0.01624297752808984 0.05124297752808982
03 0.26312377450980395 0.45 0.026247549019607852 0.017495098039215673
04 0.275 0.93625 0.02245689655172417 0.014956896551724164
03 0.80375 0.858125 0.02747844827586221 0.01622844827586223
10 0.87375 0.57375 0.019886363636363757 0.022386363636363593
03 0.6475 0.46125 0.009985795454545365 0.022485795454545432
03 0.089375 0.7793749999999999 0.01871951219512194 0.043719512195122046
03 0.04 0.38125 0.02498214285714286 0.034982142857142795
08 0.82125 0.651875 0.014987500000000042 0.016237500000000016
