00 0.896875 0.10250000000000001 0.04873355263157886 0.03248355263157894
18 0.295 0.14250000000000002 0.02999161073825507 0.032491610738255045
06 0.31125 0.380625 0.027456896551724175 0.0387068965517241
04 0.37749999999999995 0.5987499999999999 0.0399944444444445 0.03249444444444449
03 0.285625 0.79625 0.058738095238095256 0.04998809523809511
18 0.9125 0.35187500000000005 0.02749297752808988 0.031242977528089855
11 0.859375 0.6681250000000001 0.04374509803921578 0.03374509803921566
03 0.304375 0.81125 0.046206896551724164 0.04245689655172413
06 0.2568696120689655 0.53 0.04373922413793102 0.05997844827586207
06 0.298125 0.48062499999999997 0.14863636363636365 0.10113636363636358
14 0.719375 0.950625 0.06123579545454527 0.07123579545454539
03 0.58875 0.541875 0.02496951219512189 0.08871951219512203
