03 0.74875 0.7562500000000001 0.02498355263157892 0.04998355263157894
08 0.49875 0.29125 0.04999161073825503 0.022491610738255063
18 0.1775 0.89375 0.024956896551724145 0.02745689655172412
14 0.73 0.5762499999999999 0.03499444444444433 0.029994444444444546
14 0.73 0.9 0.0399880952380951 0.04998809523809511
11 0.338125 0.73125 0.03624297752808986 0.04249297752808989
03 0.41375 0.655 0.059995098039215655 0.042495098039215695
06 0.50125 0.924375 0.04245689655172413 0.0962068965517241
08 0.5525 0.8512500000000001 0.029978448275862046 0.04247844827586211
18 0.93625 0.5575 0.024886363636363762 0.027386363636363598
