19 0.544375 0.8868750000000001 0.02123355263157889 0.03873355263157896
20 0.6475 0.200625 0.01999161073825495 0.018741610738255032
03 0.59125 0.645625 0.014956896551724053 0.04120689655172405
06 0.5075 0.50375 0.05749444444444446 0.05999444444444452
20 0.9293750000000001 0.9525 0.021238095238095167 0.017488095238095136
03 0.7268749999999999 0.43062500000000004 0.023742977528089848 0.06124297752808988
08 0.568125 0.33625 0.031245098039215602 0.022495098039215677
10 0.94875 0.25125 0.02745689655172412 0.024956896551724117
13 0.146875 0.33187500000000003 0.03622844827586208 0.0662284482758621
06 0.6894034090909091 0.1975 0.043693181818181936 0.11488636363636365
18 0.73125 0.183125 0.019985795454545374 0.02373579545454546
03 0.366875 0.426875 0.011219512195121961 0.02121951219512197
03 0.778125 0.5 0.053732142857142784 0.04498214285714286
18 0.315 0.7012499999999999 0.01748749999999999 0.019987499999999936
