05 0.20687499999999998 0.018750000000000003 0.01873355263157897 0.01748355263157895
01 0.59625 0.9875 0.007491610738255106 0.00999161073825483
08 0.701875 0.7418750000000001 0.011206896551724133 0.018706896551724195
05 0.730625 0.30625 0.0212444444444444 0.01249444444444442
20 0.38187499999999996 0.98875 0.008738095238095267 0.009988095238095074
20 0.38687499999999997 0.631875 0.013742977528089895 0.01374297752808984
13 0.565625 0.5081249999999999 0.06624509803921563 0.03374509803921566
20 0.206875 0.29000000000000004 0.013706896551724135 0.012456896551724161
03 0.07875 0.7106250000000001 0.027478448275862072 0.02372844827586229
18 0.2575 0.8225 0.009886363636363638 0.012386363636363695
03 0.571875 0.284375 0.02873579545454552 0.016235795454545454
08 0.244375 0.52125 0.0062195121951219845 0.014969512195121992
