02 0.916875 0.74875 0.023733552631578947 0.017483552631578858
20 0.46187500000000004 0.8875 0.018741610738255032 0.017491610738254892
15 0.025 0.181875 0.009956896551724135 0.026206896551724118
16 0.7581249999999999 0.41812499999999997 0.021244444444444288 0.02624444444444446
15 0.663125 0.673125 0.013738095238095105 0.02623809523809517
01 0.473125 0.2825 0.023742977528089848 0.017492977528089815
06 0.441875 0.647498774509804 0.03624509803921566 0.02999754901960794
14 0.10125 0.225 0.014956896551724122 0.03745689655172413
03 0.023125 0.609375 0.008728448275862073 0.043728448275861975
18 0.475 0.39625 0.01238636363636364 0.014886363636363587
01 0.589375 0.845 0.013735795454545396 0.01498579545454537
