09 0.5700000000000001 0.13625 0.027483552631578978 0.03498355263157894
08 0.6925 0.973125 0.02999161073825496 0.021241610738254924
03 0.586875 0.815625 0.03120689655172415 0.028706896551724204
08 0.86 0.3525 0.029994444444444435 0.03249444444444449
03 0.2175 0.215625 0.05748809523809528 0.026238095238095255
03 0.75625 0.219375 0.0624929775280898 0.01624297752808987
13 0.15812500000000002 0.8625 0.03624509803921569 0.03499509803921563
04 0.89625 0.3725 0.02745689655172412 0.014956896551724164
12 0.23125 0.4525 0.03497844827586208 0.039978448275862055
03 0.935 0.415625 0.032386363636363824 0.021136363636363564
06 0.9181250000000001 0.8175 0.06373579545454533 0.027485795454545325
03 0.661875 0.027499999999999997 0.033719512195121926 0.03746951219512195
