06 0.18874999999999997 0.743125 0.054983552631578975 0.0362335526315789
06 0.925 0.8125 0.10999161073825492 0.14999161073825484
07 0.130625 0.655 0.10120689655172413 0.13995689655172416
03 0.6125 0.586875 0.0424944444444445 0.09874444444444452
00 0.09375 0.236875 0.047488095238095246 0.03623809523809529
14 0.473125 0.47375 0.03374297752808986 0.0474929775280899
06 0.563125 0.573125 0.06874509803921569 0.12874509803921574
04 0.44625000000000004 0.801875 0.044956896551724135 0.03120689655172404
11 0.335625 0.87375 0.053728448275862095 0.03747844827586222
03 0.813125 0.583125 0.04113636363636375 0.02863636363636357
09 0.123125 0.28375 0.04373579545454545 0.047485795454545454
03 0.0875 0.46375 0.06996951219512194 0.057469512195121975
01 0.95 0.313125 0.05998214285714287 0.05623214285714284
