03 0.8875 0.14500000000000002 0.04998355263157894 0.03498355263157896
02 0.811875 0.771875 0.018741610738254977 0.0637416107382549
04 0.8 0.09812499999999999 0.029956896551724177 0.028706896551724134
09 0.21875 0.798125 0.019994444444444426 0.01874444444444434
03 0.705625 0.860625 0.04373809523809513 0.03373809523809512
20 0.09125 0.7575000000000001 0.02499297752808989 0.022492977528089875
03 0.7525 0.9456249999999999 0.024995098039215624 0.026245098039215597
04 0.55375 0.419375 0.032456896551724124 0.018706896551724084
02 0.36624999999999996 0.86375 0.029978448275862102 0.032478448275862215
04 0.594375 0.16375 0.026136363636363624 0.01238636363636364
03 0.5387500000000001 0.185 0.027485795454545436 0.06248579545454547
06 0.5575 0.280625 0.014969512195121881 0.02121951219512197
03 0.359375 0.26 0.05623214285714284 0.02498214285714284
