08 0.05625 0.5349999999999999 0.019983552631578957 0.019983552631578916
04 0.43125 0.5943750000000001 0.029991610738255015 0.031241610738255043
03 0.30562500000000004 0.20375 0.023706896551724144 0.034956896551724154
03 0.665625 0.961875 0.043744444444444364 0.01874444444444434
04 0.65375 0.65875 0.029988095238095203 0.024988095238095087
07 0.9762500000000001 0.8518749999999999 0.032492977528089884 0.023742977528089848
02 0.93625 0.52125 0.03999509803921564 0.022495098039215677
03 0.40937500000000004 0.08499999999999999 0.023706896551724144 0.022456896551724143
13 0.566875 0.37 0.053728448275862095 0.05747844827586207
08 0.524375 0.55125 0.02863636363636357 0.019886363636363535
14 0.890625 0.856875 0.031235795454545245 0.0337357954545453
08 0.535 0.564375 0.04246951219512196 0.02121951219512197
06 0.23999553571428572 0.391875 0.0199910714285714 0.06123214285714279
11 0.07312500000000001 0.715 0.0237375 0.022487499999999994
