15 0.816875 0.17812499999999998 0.02123355263157889 0.021233552631578972
20 0.4675 0.641875 0.02499161073825501 0.018741610738254977
15 0.8206249999999999 0.745625 0.04620689655172405 0.0237068965517242
18 0.544375 0.9156249999999999 0.016244444444444395 0.01874444444444434
14 0.4275 0.92 0.029988095238095258 0.037488095238095154
06 0.275625 0.458125 0.018742977528089844 0.021242977528089846
03 0.889375 0.27875 0.03374509803921566 0.08499509803921568
03 0.053125000000000006 0.305 0.028706896551724148 0.01745689655172411
15 0.938125 0.210625 0.018728448275862286 0.038728448275862054
06 0.659375 0.365 0.02113636363636373 0.06488636363636358
06 0.0325 0.228125 0.012485795454545454 0.041235795454545476
