18 0.766875 0.124375 0.02873355263157895 0.031233552631578926
03 0.77 0.793125 0.01999161073825495 0.04124161073825494
03 0.166875 0.35062499999999996 0.07870689655172414 0.0362068965517241
06 0.265 0.955625 0.02499444444444443 0.031244444444444297
19 0.29000000000000004 0.31125 0.022488095238095307 0.03748809523809532
07 0.12624999999999997 0.423125 0.10499297752808986 0.0337429775280898
08 0.94125 0.03125 0.050000000000000044 0.019995098039215686
03 0.124375 0.490625 0.023706896551724116 0.0387068965517241
04 0.854375 0.34375 0.04122844827586225 0.039978448275862055
09 0.076875 0.37625 0.028636363636363626 0.03238636363636355
16 0.4875 0.686875 0.05748579545454546 0.03873579545454531
