09 0.8287500000000001 0.6325000000000001 0.04248355263157888 0.04248355263157888
20 0.915625 0.144375 0.013741610738254861 0.01624161073825503
01 0.021875 0.29125 0.01870689655172414 0.01745689655172411
03 0.204375 0.05 0.0237444444444444 0.019994444444444447
14 0.895625 0.49187499999999995 0.021238095238095056 0.05123809523809525
11 0.6699999999999999 0.26125 0.022492977528089875 0.02249297752808982
06 0.444375 0.675 0.011245098039215695 0.07499509803921567
08 0.245 0.754375 0.01745689655172411 0.028706896551724093
03 0.17375000000000002 0.233125 0.012478448275862059 0.02622844827586207
09 0.043125 0.39125 0.031136363636363636 0.014886363636363587
