04 0.52125 0.499375 0.022483552631578974 0.016233552631578885
03 0.174375 0.25375 0.021241610738255035 0.009991610738255025
08 0.915 0.77875 0.019956896551724168 0.03745689655172413
18 0.478125 0.498125 0.018744444444444508 0.02124444444444451
10 0.11624999999999999 0.0325 0.012488095238095229 0.012488095238095232
15 0.289375 0.08687500000000001 0.023742977528089848 0.016242977528089883
03 0.9043749999999999 0.11687499999999999 0.013745098039215642 0.03374509803921569
18 0.681875 0.580625 0.018706896551724084 0.02120689655172414
15 0.08625 0.8843749999999999 0.017478448275862077 0.028728448275862184
03 0.080625 0.0925 0.028636363636363626 0.014886363636363642
