06 0.719375 0.315625 0.02873355263157884 0.018733552631578942
10 0.626875 0.97125 0.03374161073825488 0.022491610738255008
06 0.228125 0.42125 0.08870689655172409 0.08745689655172412
12 0.25 0.833125 0.027494444444444405 0.07874444444444428
06 0.9118779761904763 0.441875 0.07374404761904751 0.08623809523809528
00 0.673125 0.113125 0.03874297752808986 0.03624297752808987
03 0.224375 0.9325000000000001 0.031245098039215685 0.032495098039215686
20 0.6525 0.021249999999999998 0.01745689655172411 0.012456896551724137
20 0.31062500000000004 0.761875 0.03622844827586208 0.02372844827586218
15 0.886875 0.6637500000000001 0.05113636363636376 0.04488636363636378
15 0.29312499999999997 0.893125 0.03373579545454547 0.02623579545454524
03 0.92125 0.0675 0.04496951219512191 0.08746951219512195
06 0.5999955357142857 0.08812500000000001 0.034991071428571385 0.10873214285714286
03 0.74 0.24000000000000002 0.02498749999999994 0.05998750000000003
