15 0.07874999999999999 0.55375 0.01248355263157895 0.047483552631578885
04 0.45 0.48749999999999993 0.034991610738255075 0.03499161073825502
01 0.59 0.736875 0.049956896551724084 0.03870689655172421
15 0.7593749999999999 0.74125 0.051244444444444315 0.12249444444444435
01 0.16375 0.3375 0.04998809523809525 0.03248809523809526
03 0.9237517556179775 0.09937499999999999 0.02749648876404498 0.04624297752808988
08 0.03 0.961875 0.017495098039215683 0.04874509803921567
03 0.723125 0.936875 0.03120689655172415 0.026206896551724146
20 0.8418749999999999 0.410625 0.028728448275862184 0.021228448275862066
10 0.6025 0.031875 0.03488636363636355 0.026136363636363638
10 0.033125 0.049375 0.03373579545454545 0.02123579545454545
03 0.654375 0.730625 0.051219512195122 0.02121951219512197
00 0.8556250000000001 0.7025 0.03873214285714288 0.02498214285714284
