03 0.359375 0.32375 0.01123355263157888 0.019983552631578916
04 0.715625 0.19624999999999998 0.02374161073825498 0.022491610738255036
09 0.273125 0.76375 0.0387068965517241 0.03745689655172413
09 0.95375 0.48250000000000004 0.019994444444444426 0.024994444444444486
20 0.729375 0.6950000000000001 0.016238095238095163 0.014988095238095078
01 0.454375 0.798125 0.01624297752808984 0.01374297752808984
06 0.8612500000000001 0.819375 0.06249509803921571 0.031245098039215713
03 0.915 0.555625 0.04245689655172413 0.02120689655172414
15 0.5 0.2525 0.029978448275862046 0.024978448275862042
03 0.188125 0.31937499999999996 0.031136363636363656 0.02113636363636362
10 0.399375 0.291875 0.02123579545454546 0.018735795454545512
