06 0.620625 0.25125 0.08623355263157895 0.024983552631578976
03 0.87375 0.03125 0.03749161073825491 0.03499161073825503
08 0.81625 0.325625 0.02745689655172412 0.018706896551724084
09 0.33687500000000004 0.24125000000000002 0.033744444444444466 0.029994444444444462
09 0.75125 0.7462500000000001 0.02998809523809509 0.024988095238095087
03 0.776875 0.42 0.011242977528089781 0.022492977528089875
12 0.61625 0.869375 0.032495098039215686 0.03624509803921572
02 0.31125 0.8225 0.04745689655172408 0.022456896551724115
03 0.933125 0.531875 0.046228448275862144 0.03122844827586202
18 0.12687500000000002 0.4075 0.016136363636363643 0.017386363636363644
14 0.485625 0.351875 0.031235795454545467 0.02123579545454546
20 0.76125 0.393125 0.01746951219512205 0.013719512195122019
14 0.506875 0.506875 0.03873214285714288 0.03873214285714288
