06 0.7418750000000001 0.35374588815789476 0.05623355263157881 0.027491776315789418
03 0.36375 0.7581249999999999 0.01999161073825506 0.08624161073825498
18 0.049375 0.663125 0.026206896551724146 0.028706896551724093
01 0.6643749999999999 0.8431249999999999 0.031244444444444297 0.01874444444444434
07 0.9668720238095238 0.668125 0.056244047619047555 0.06623809523809521
14 0.014375 0.74 0.01874297752808989 0.05499297752808985
03 0.200625 0.27 0.04874509803921567 0.03499509803921569
05 0.578760775862069 0.505625 0.029978448275862046 0.041206896551724104
02 0.764375 0.130625 0.026228448275862237 0.036228448275862066
03 0.69 0.534375 0.05238636363636384 0.04613636363636353
01 0.254375 0.791875 0.041235795454545476 0.03623579545454536
