03 0.41437500000000005 0.95125 0.028733552631578896 0.03498355263157893
11 0.440625 0.89625 0.021241610738255035 0.017491610738254892
11 0.39 0.071875 0.024956896551724117 0.023706896551724137
05 0.39375 0.231875 0.01749444444444448 0.021244444444444427
03 0.7825 0.23249999999999998 0.05248809523809517 0.02498809523809528
01 0.889375 0.34062499999999996 0.01374297752808984 0.01624297752808984
18 0.956875 0.18312499999999998 0.018745098039215646 0.021245098039215676
03 0.47875 0.623125 0.019956896551724113 0.0387068965517241
06 0.30063038793103447 0.36624999999999996 0.07873922413793105 0.03247844827586205
06 0.3649715909090909 0.385 0.024943181818181837 0.05988636363636357
06 0.14125000000000001 0.28312499999999996 0.05998579545454548 0.03373579545454547
14 0.59125 0.080625 0.022469512195122054 0.03871951219512194
18 0.6075 0.338125 0.014982142857142833 0.016232142857142806
