04 0.745625 0.171875 0.031233552631578898 0.033733552631578956
20 0.5831249999999999 0.10062499999999999 0.031241610738255043 0.026241610738255053
04 0.594375 0.5856250000000001 0.0387068965517241 0.028706896551724204
20 0.195 0.750625 0.029994444444444435 0.023744444444444346
13 0.61 0.37625 0.029988095238095314 0.07248809523809524
06 0.723125 0.230625 0.06874297752808989 0.01374297752808984
08 0.320625 0.366875 0.021245098039215704 0.02374509803921565
13 0.34875 0.833125 0.05495689655172409 0.22870689655172405
01 0.355 0.27437500000000004 0.024978448275862097 0.016228448275862062
08 0.76625 0.358125 0.009886363636363749 0.03613636363636358
03 0.906875 0.433125 0.026235795454545352 0.038735795454545474
04 0.11875 0.7125 0.024969512195121946 0.019969512195121997
03 0.305 0.69875 0.009982142857142828 0.019982142857142837
