03 0.176875 0.433125 0.10873355263157895 0.08373355263157889
01 0.24562499999999998 0.25687499999999996 0.02624161073825504 0.023741610738255037
06 0.10875 0.72125 0.13745689655172413 0.01745689655172422
06 0.50375 0.55375 0.13999444444444453 0.14249444444444448
14 0.140625 0.78375 0.023738095238095225 0.034988095238095096
15 0.40125 0.545625 0.029992977528089826 0.04874297752808987
04 0.09625 0.246875 0.0599950980392157 0.031245098039215713
06 0.805010775862069 0.7675 0.08747844827586204 0.09995689655172413
10 0.661875 0.306875 0.053728448275862095 0.053728448275862095
03 0.76625 0.591875 0.029886363636363766 0.1061363636363637
19 0.530625 0.744375 0.04373579545454542 0.041235795454545254
