03 0.49375 0.24312499999999998 0.04498355263157894 0.03123355263157898
15 0.4975 0.19374999999999998 0.0599916107382551 0.02749161073825504
04 0.9525 0.37124999999999997 0.03745689655172413 0.02995689655172412
00 0.596875 0.358125 0.043744444444444475 0.03624444444444447
03 0.27375000000000005 0.525625 0.03998809523809527 0.01873809523809533
08 0.042499999999999996 0.21500000000000002 0.06499297752808988 0.022492977528089847
03 0.378125 0.109375 0.038745098039215664 0.05874509803921568
06 0.40437500000000004 0.9 0.00870689655172413 0.029956896551724066
03 0.555625 0.395 0.0587284482758621 0.03497844827586205
01 0.479375 0.505 0.02113636363636362 0.01988636363636359
03 0.49312500000000004 0.3225 0.03373579545454547 0.017485795454545483
03 0.22625 0.1475 0.01996951219512197 0.022469512195121943
14 0.16999999999999998 0.915625 0.04498214285714286 0.043732142857142886
01 0.864375 0.15625 0.028737500000000082 0.022487499999999994
