09 0.815 0.39937500000000004 0.0149835526315788 0.028733552631578896
01 0.649375 0.964375 0.01624161073825492 0.011241610738254915
13 0.670625 0.45999999999999996 0.05120689655172417 0.0674568965517241
03 0.535625 0.3875 0.016244444444444506 0.022494444444444484
01 0.2425 0.184375 0.009988095238095268 0.01123809523809527
20 0.6012500000000001 0.8574999999999999 0.01749297752808976 0.014992977528089813
06 0.448125 0.16375 0.008745098039215693 0.029995098039215684
03 0.4975 0.20625 0.022456896551724115 0.022456896551724143
03 0.595 0.57375 0.06997844827586208 0.10247844827586206
01 0.76125 0.54125 0.012386363636363695 0.014886363636363642
07 0.778125 0.6968749999999999 0.02873579545454541 0.013735795454545285
08 0.36687499999999995 0.7831250000000001 0.018719512195121968 0.016219512195121966
