03 0.583125 0.31999999999999995 0.033733552631578956 0.017483552631578914
03 0.43125 0.885 0.029991610738255015 0.02999161073825496
06 0.5262500000000001 0.794375 0.032456896551724124 0.011206896551724133
12 0.8643749999999999 0.6581250000000001 0.02874444444444435 0.031244444444444297
03 0.7475 0.38749999999999996 0.03998809523809521 0.029988095238095258
14 0.629375 0.446875 0.05624297752808982 0.028742977528089853
04 0.97375 0.788125 0.02999509803921563 0.021245098039215704
11 0.569375 0.7931250000000001 0.03120689655172415 0.043706896551724106
04 0.451875 0.21187499999999998 0.028728448275862017 0.03622844827586205
03 0.03375 0.840625 0.02488636363636363 0.05863636363636371
03 0.78 0.5075000000000001 0.02248579545454532 0.0349857954545455
08 0.37624237804878047 0.3599923780487805 0.02998475609756096 0.02248475609756101
