03 0.21375 0.9437500000000001 0.024983552631578976 0.029983552631578925
03 0.26187499999999997 0.110625 0.033741610738255046 0.02124161073825505
13 0.6475 0.31 0.057456896551724146 0.07995689655172411
01 0.6275 0.421875 0.014994444444444421 0.013744444444444448
15 0.28312499999999996 0.63125 0.02373809523809528 0.012488095238095243
06 0.9375 0.071875 0.05999297752808985 0.026242977528089892
06 0.3675 0.4975 0.009995098039215722 0.08499509803921568
03 0.22249999999999998 0.036250000000000004 0.012456896551724134 0.02745689655172414
18 0.18125000000000002 0.79 0.01497844827586206 0.0174784482758622
05 0.4625 0.09375 0.027386363636363598 0.017386363636363644
18 0.039375 0.553125 0.016235795454545454 0.018735795454545512
