03 0.290625 0.708125 0.023733552631579002 0.02873355263157884
06 0.7931250000000001 0.704375 0.07124161073825486 0.026241610738254928
10 0.30125 0.39 0.034956896551724126 0.02745689655172412
13 0.123125 0.63 0.05874444444444446 0.029994444444444435
03 0.11875 0.86625 0.07998809523809523 0.034988095238095096
04 0.494375 0.604375 0.021242977528089846 0.0312429775280898
13 0.82 0.519375 0.09999509803921569 0.17124509803921573
20 0.18875 0.844375 0.014956896551724108 0.01370689655172419
05 0.59875 0.181875 0.0274784482758621 0.03372844827586205
06 0.22062500000000002 0.355 0.12613636363636363 0.03988636363636361
18 0.11125 0.6112500000000001 0.024985795454545462 0.027485795454545436
11 0.309375 0.6575 0.03621951219512198 0.029969512195122006
10 0.8612500000000001 0.199375 0.03748214285714291 0.04373214285714283
