01 0.21687499999999998 0.6950000000000001 0.036233552631578986 0.03498355263157882
00 0.721875 0.464375 0.03374161073825499 0.031241610738255043
03 0.595625 0.673125 0.04870689655172411 0.046206896551724164
05 0.6168750000000001 0.360625 0.03624444444444441 0.0687444444444445
19 0.9493750000000001 0.439375 0.05373809523809514 0.03623809523809529
03 0.6949982443820224 0.68625 0.08499648876404498 0.029992977528089826
03 0.5237499999999999 0.15 0.04499509803921564 0.029995098039215684
15 0.72875 0.55875 0.057456896551724146 0.08995689655172412
01 0.375625 0.28125 0.05372844827586204 0.03497844827586205
13 0.779375 0.440625 0.05113636363636376 0.15863636363636358
20 0.79625 0.62625 0.04748579545454534 0.03248579545454544
02 0.74 0.188125 0.14246951219512205 0.10871951219512196
