18 0.900625 0.748125 0.013733552631578938 0.016233552631578885
03 0.595 0.028125 0.022491610738255008 0.013741610738255035
02 0.59125 0.7925 0.022456896551724115 0.024956896551724173
03 0.51375 0.669375 0.02999444444444449 0.03874444444444436
03 0.084375 0.430625 0.038738095238095224 0.021238095238095278
10 0.234375 0.18375 0.023742977528089848 0.01749297752808987
20 0.20750000000000002 0.7250000000000001 0.014995098039215699 0.012495098039215669
03 0.913125 0.51 0.0387068965517241 0.02995689655172412
04 0.5387500000000001 0.935625 0.022478448275862095 0.021228448275862233
03 0.043125 0.154375 0.03363636363636363 0.038636363636363635
03 0.876875 0.315 0.016235795454545343 0.01498579545454548
13 0.383125 0.16312500000000002 0.03121951219512198 0.07621951219512196
