07 0.5718749999999999 0.070625 0.04123355263157891 0.04873355263157894
13 0.975625 0.798125 0.018741610738254866 0.03374161073825488
11 0.505 0.335 0.02745689655172412 0.022456896551724115
13 0.08937500000000001 0.30875 0.04874444444444445 0.06499444444444447
09 0.2225 0.6268750000000001 0.03498809523809526 0.02873809523809534
03 0.558125 0.899375 0.01374297752808984 0.04624297752808981
08 0.82125 0.775 0.017495098039215673 0.04499509803921575
03 0.90625 0.39875 0.022456896551724226 0.032456896551724124
11 0.54 0.674375 0.022478448275862095 0.01622844827586223
11 0.94 0.5175 0.022386363636363815 0.01738636363636359
03 0.286875 0.46687500000000004 0.008735795454545503 0.03373579545454547
14 0.343125 0.834375 0.013719512195121963 0.03121951219512198
