06 0.96875 0.5275 0.03998355263157882 0.027483552631578867
05 0.72875 0.684375 0.012491610738254888 0.028741610738254875
03 0.943125 0.246875 0.016206896551724137 0.016206896551724137
08 0.558125 0.098125 0.04124444444444453 0.06374444444444446
18 0.453125 0.436875 0.01123809523809527 0.013738095238095271
20 0.586875 0.9624999999999999 0.01374297752808984 0.014992977528089813
20 0.9706250000000001 0.013125 0.011245098039215695 0.011245098039215685
06 0.03126077586206897 0.79375 0.04997844827586207 0.022456896551724115
02 0.8925000000000001 0.81375 0.03747844827586222 0.00997844827586225
17 0.21250000000000002 0.715625 0.022386363636363676 0.02363636363636379
