06 0.478125 0.755625 0.07873355263157894 0.07623355263157894
03 0.7168749999999999 0.1625 0.01624161073825492 0.05499161073825504
01 0.5643750000000001 0.375 0.02120689655172414 0.019956896551724168
03 0.2625 0.294375 0.02499444444444443 0.023744444444444457
15 0.45375 0.16875 0.012488095238095243 0.04248809523809527
03 0.306875 0.8518749999999999 0.028742977528089853 0.043742977528089866
11 0.31375 0.73875 0.04249509803921564 0.022495098039215677
06 0.133125 0.48625 0.06620689655172413 0.059956896551724204
07 0.24 0.856875 0.029978448275862046 0.09872844827586225
02 0.724375 0.195625 0.028636363636363793 0.06863636363636366
03 0.64375 0.93875 0.03998579545454539 0.037485795454545334
01 0.92875 0.285625 0.027469512195121948 0.018719512195121968
03 0.5762499999999999 0.236875 0.029982142857142846 0.06623214285714285
20 0.579375 0.8325 0.03873749999999998 0.029987500000000056
