14 0.53625 0.095625 0.04498355263157894 0.021233552631578945
12 0.7481249999999999 0.67375 0.07124161073825486 0.07499161073825489
03 0.08812500000000001 0.165625 0.11120689655172414 0.05120689655172411
06 0.239375 0.69125 0.02874444444444446 0.03499444444444433
01 0.9575 0.79 0.0399880952380951 0.037488095238095154
12 0.868125 0.094375 0.07374297752808989 0.046242977528089896
15 0.7462500000000001 0.8975 0.02999509803921574 0.06249509803921571
03 0.499375 0.55125 0.03370689655172421 0.05245689655172414
20 0.3825 0.428125 0.032478448275862104 0.02622844827586207
03 0.12375 0.776875 0.03988636363636362 0.036136363636363744
08 0.4874964488636364 0.511875 0.03249289772727276 0.07123579545454545
03 0.356875 0.08 0.03871951219512193 0.01996951219512194
20 0.198125 0.111875 0.026232142857142815 0.018732142857142864
