10 0.9375 0.93875 0.037483552631578876 0.03498355263157893
10 0.284375 0.688125 0.031241610738255043 0.028741610738254986
02 0.865 0.07874999999999999 0.032456896551724124 0.059956896551724134
18 0.605625 0.218125 0.02874444444444446 0.031244444444444436
01 0.338125 0.68625 0.03623809523809529 0.02998809523809509
03 0.95875 0.198125 0.03749297752808989 0.023742977528089848
03 0.503125 0.41375 0.03874509803921572 0.042495098039215695
20 0.10250000000000001 0.296875 0.02495689655172413 0.018706896551724084
04 0.275 0.92125 0.039978448275862055 0.02997844827586227
03 0.305 0.0375 0.0323863636363636 0.03488636363636363
20 0.40312499999999996 0.074375 0.038735795454545474 0.033735795454545456
15 0.858125 0.374375 0.026219512195121975 0.07121951219512196
08 0.393125 0.328125 0.04123214285714283 0.05123214285714284
03 0.10125 0.849375 0.019987500000000005 0.03873750000000009
