03 0.641875 0.77 0.031233552631578898 0.047483552631578885
08 0.54375 0.394375 0.06249161073825504 0.03624161073825505
02 0.21375 0.621875 0.07245689655172413 0.043706896551724106
03 0.343125 0.89375 0.03124444444444452 0.027494444444444377
08 0.2768720238095238 0.098125 0.06124404761904764 0.07123809523809524
01 0.8125 0.579375 0.03749297752808989 0.026242977528089906
03 0.42625 0.815625 0.07749509803921567 0.06124509803921574
13 0.275 0.479375 0.034956896551724126 0.09620689655172415
00 0.725625 0.26812499999999995 0.028728448275862184 0.021228448275862066
04 0.60375 0.63375 0.04488636363636367 0.04238636363636372
00 0.6168750000000001 0.4125 0.043735795454545534 0.03998579545454545
02 0.8543673780487805 0.516875 0.028734756097561043 0.06121951219512195
03 0.514375 0.524375 0.06873214285714285 0.1987321428571428
