03 0.83875 0.551875 0.04498355263157894 0.03873355263157885
05 0.22187709731543626 0.80125 0.056245805369127516 0.04749161073825492
14 0.895625 0.155625 0.053706896551724226 0.043706896551724134
20 0.374375 0.081875 0.04624444444444448 0.03374444444444445
18 0.48124999999999996 0.10375 0.029988095238095258 0.03248809523809523
04 0.520625 0.4075 0.04124297752808981 0.03249297752808983
03 0.6712499999999999 0.19 0.08499509803921568 0.042495098039215695
09 0.306875 0.286875 0.03120689655172415 0.046206896551724164
02 0.7925 0.7225 0.04747844827586223 0.042478448275862224
03 0.6668750000000001 0.30374999999999996 0.026136363636363735 0.047386363636363615
