01 0.09625 0.94875 0.024983552631578934 0.017483552631578858
06 0.70375 0.755625 0.009991610738254941 0.03374161073825488
03 0.356875 0.349375 0.026206896551724146 0.02120689655172414
03 0.621875 0.645 0.03874444444444447 0.027494444444444377
16 0.4275 0.43875 0.029988095238095258 0.03748809523809532
02 0.963125 0.306875 0.016242977528089897 0.02624297752808985
11 0.77875 0.473125 0.017495098039215784 0.0162450980392157
13 0.06625 0.49875 0.029956896551724135 0.04995689655172414
03 0.35375 0.099375 0.06747844827586208 0.016228448275862062
03 0.183125 0.321875 0.013636363636363669 0.013636363636363613
03 0.065 0.8062464488636363 0.04498579545454545 0.02999289772727265
