00 0.955625 0.16562500000000002 0.026233552631579005 0.016233552631578968
08 0.171875 0.618125 0.043741610738255055 0.038741610738255106
18 0.60875 0.43875 0.019956896551724057 0.02245689655172417
14 0.29875 0.84625 0.02499444444444443 0.047494444444444395
03 0.470625 0.10125 0.031238095238095287 0.03498809523809522
06 0.059375000000000004 0.620625 0.0762429775280899 0.011242977528089781
04 0.325625 0.7625 0.028745098039215655 0.01999509803921573
15 0.8625 0.420625 0.02495689655172406 0.021206896551724086
08 0.1525 0.511875 0.04747844827586206 0.04122844827586203
20 0.215 0.878125 0.02488636363636365 0.02113636363636373
00 0.875 0.365 0.04748579545454534 0.04248579545454545
15 0.755 0.365 0.019969512195121997 0.047469512195121966
20 0.30374999999999996 0.606875 0.017482142857142835 0.016232142857142917
