20 0.56625 0.230625 0.017483552631578858 0.013733552631578994
08 0.31125 0.4675 0.02499161073825501 0.01749161073825506
08 0.84875 0.446875 0.022456896551724226 0.0362068965517241
14 0.04875 0.056875 0.022494444444444442 0.03124444444444445
03 0.02375 0.68125 0.014988095238095234 0.0399880952380951
03 0.5925 0.395 0.02749297752808988 0.04499297752808984
11 0.134375 0.47250000000000003 0.026245098039215695 0.027495098039215737
16 0.764375 0.07375 0.03120689655172415 0.02745689655172414
13 0.918125 0.643125 0.07372844827586222 0.05122844827586215
04 0.76875 0.900625 0.019886363636363757 0.02113636363636373
20 0.275 0.291875 0.012485795454545479 0.01123579545454545
03 0.2275 0.065625 0.009969512195121988 0.026219512195121947
04 0.09875 0.855625 0.02498214285714287 0.02373214285714287
07 0.711871875 0.395625 0.031243750000000015 0.02873749999999997
