06 0.10062499999999999 0.55125 0.026233552631578935 0.019983552631578916
08 0.41625 0.175 0.024991610738255066 0.04249161073825505
05 0.9606250000000001 0.110625 0.03120689655172415 0.021206896551724128
08 0.875625 0.9393750000000001 0.016244444444444284 0.04624444444444442
00 0.556875 0.754375 0.041238095238095296 0.041238095238095074
03 0.656875 0.558125 0.0312429775280898 0.026242977528089906
03 0.153125 0.60625 0.028745098039215683 0.022495098039215677
03 0.286875 0.36375 0.0387068965517241 0.062456896551724095
15 0.774375 0.39749999999999996 0.04122844827586214 0.02247844827586204
06 0.280625 0.179375 0.05863636363636365 0.021136363636363675
03 0.9606250000000001 0.198125 0.02873579545454541 0.02123579545454546
01 0.9593750000000001 0.27749999999999997 0.03621951219512198 0.022469512195122
