00 0.755625 0.5775 0.031233552631578898 0.03248355263157898
03 0.165 0.490625 0.014991610738255057 0.011241610738255081
15 0.65875 0.7112499999999999 0.019956896551724168 0.01745689655172422
02 0.35 0.22125 0.02249444444444454 0.01249444444444442
13 0.9125 0.4425 0.07998809523809514 0.009988095238095296
03 0.03 0.41125 0.03999297752808989 0.02749297752808988
06 0.64 0.395 0.01999509803921562 0.09499509803921569
18 0.175 0.605 0.017456896551724138 0.019956896551724057
08 0.9918750000000001 0.7024999999999999 0.013728448275862282 0.0174784482758622
03 0.36375 0.8612500000000001 0.01738636363636359 0.022386363636363815
03 0.1275 0.401875 0.024985795454545476 0.051235795454545485
03 0.765 0.620625 0.01746951219512205 0.03621951219512198
03 0.7581294642857144 0.794375 0.023741071428571403 0.033732142857142766
