14 0.4325 0.8981250000000001 0.009983552631578907 0.023733552631578836
08 0.4325 0.5718749999999999 0.027491610738255012 0.031241610738255043
04 0.81 0.6699999999999999 0.02495689655172406 0.022456896551724115
03 0.38187499999999996 0.75125 0.031244444444444464 0.037494444444444386
14 0.259375 0.5706249999999999 0.016238095238095274 0.023738095238095336
06 0.110625 0.184375 0.011242977528089892 0.04374297752808984
00 0.10250000000000001 0.98375 0.024995098039215694 0.017495098039215673
09 0.366875 0.455625 0.046206896551724164 0.0337068965517241
08 0.911875 0.63625 0.026228448275862126 0.03497844827586205
03 0.7731250000000001 0.5531250000000001 0.011136363636363833 0.013636363636363558
03 0.061875 0.035 0.01123579545454545 0.009985795454545456
