07 0.329375 0.79125 0.04123355263157891 0.057483552631578894
03 0.51125 0.686875 0.0624916107382551 0.09124161073825499
04 0.048125 0.56625 0.046206896551724136 0.04745689655172414
01 0.53 0.431875 0.04499444444444445 0.02874444444444446
03 0.24000000000000002 0.125625 0.12248809523809528 0.15873809523809523
03 0.250625 0.680625 0.018742977528089844 0.043742977528089866
20 0.9312499999999999 0.29125 0.032495098039215686 0.02499509803921568
10 0.5825 0.421875 0.032456896551724124 0.03120689655172415
04 0.5237499999999999 0.145 0.029978448275862157 0.04747844827586205
08 0.943125 0.353125 0.06363636363636371 0.023636363636363622
06 0.350625 0.03625 0.03623579545454547 0.02748579545454545
03 0.183125 0.055624999999999994 0.05121951219512194 0.031219512195121944
