03 0.579375 0.04125 0.018733552631578942 0.02248355263157895
06 0.9412520973154362 0.290625 0.05749580536912746 0.08624161073825504
06 0.09812499999999999 0.90625 0.028706896551724134 0.012456896551724217
12 0.630625 0.395 0.02874444444444446 0.0399944444444445
14 0.80875 0.2275 0.017488095238095136 0.037488095238095265
19 0.8318749999999999 0.628125 0.0212429775280899 0.03374297752808986
11 0.015000000000000003 0.48250000000000004 0.02499509803921569 0.02499509803921568
14 0.03375 0.9681249999999999 0.01495689655172414 0.03120689655172415
03 0.125 0.034374999999999996 0.04497844827586206 0.021228448275862066
12 0.75 0.18625 0.02738636363636382 0.03238636363636366
03 0.964375 0.35750000000000004 0.016235795454545343 0.022485795454545487
18 0.22 0.97125 0.017469512195121994 0.019969512195121886
20 0.645 0.18625 0.01748214285714278 0.01248214285714283
03 0.88375 0.903125 0.027487499999999998 0.008737499999999954
