03 0.516875 0.345 0.04123355263157891 0.03748355263157893
03 0.12875 0.6018749999999999 0.02999161073825503 0.01624161073825514
03 0.264375 0.338125 0.02620689655172409 0.05620689655172412
03 0.18375 0.648125 0.019994444444444426 0.05374444444444437
09 0.073125 0.921875 0.03873809523809523 0.028738095238095118
03 0.4425 0.35250000000000004 0.012492977528089866 0.02999297752808988
07 0.455 0.5606249999999999 0.017495098039215673 0.046245098039215615
06 0.551885775862069 0.19874999999999998 0.08122844827586206 0.04995689655172411
19 0.16375 0.7175 0.029978448275862074 0.014978448275862255
15 0.2175 0.26749999999999996 0.017386363636363644 0.01238636363636364
08 0.06375 0.32125000000000004 0.029985795454545446 0.027485795454545492
08 0.131875 0.964375 0.04121951219512193 0.018719512195122023
