14 0.06375 0.231875 0.052483552631578945 0.04123355263157899
01 0.175 0.9612499999999999 0.03749161073825505 0.0274916107382549
20 0.64 0.859375 0.01745689655172411 0.016206896551724137
20 0.1 0.968125 0.02249444444444447 0.016244444444444284
03 0.048125 0.456875 0.03123809523809523 0.01123809523809527
02 0.17125 0.809375 0.03749297752808986 0.03124297752808991
00 0.32375 0.186875 0.027495098039215682 0.02374509803921568
11 0.5375 0.316875 0.03495689655172418 0.031206896551724095
20 0.36875 0.1175 0.019978448275862093 0.017478448275862077
12 0.5162500000000001 0.185 0.0323863636363636 0.04988636363636367
11 0.97875 0.639375 0.037485795454545334 0.02873579545454541
15 0.230625 0.401875 0.048719512195121994 0.023719512195121972
01 0.033749999999999995 0.71375 0.03998214285714285 0.03498214285714285
05 0.675 0.8118749999999999 0.022487499999999994 0.036237500000000034
