08 0.7806291118421053 0.37 0.023741776315789442 0.039983552631578934
07 0.6868749999999999 0.724375 0.036250000000000004 0.026241610738254817
03 0.7737499999999999 0.734375 0.01745689655172422 0.026206896551724146
01 0.41812499999999997 0.86375 0.01624444444444445 0.012494444444444364
02 0.420625 0.265625 0.038738095238095294 0.023738095238095225
10 0.10125 0.6212500000000001 0.019992977528089886 0.022492977528089875
03 0.615 0.29 0.04499509803921575 0.10499509803921567
08 0.208125 0.525 0.033706896551724125 0.039956896551724075
03 0.473125 0.633125 0.03622844827586208 0.03372844827586219
03 0.9325 0.733125 0.03738636363636383 0.03113636363636374
03 0.13187500000000002 0.920625 0.016235795454545482 0.013735795454545285
06 0.80375 0.03749999999999999 0.057469512195121975 0.039969512195121945
