14 0.684375 0.9137500000000001 0.031233552631578898 0.04248355263157888
10 0.760625 0.34125 0.031241610738254932 0.02999161073825507
06 0.72875 0.23623922413793103 0.06745689655172415 0.09747844827586205
20 0.24687499999999998 0.29312499999999997 0.038744444444444415 0.02624444444444446
05 0.18 0.890625 0.03498809523809526 0.028738095238095118
19 0.33562499999999995 0.935 0.02624297752808985 0.03499297752808983
05 0.846875 0.018125000000000002 0.018745098039215757 0.03374509803921569
03 0.416875 0.9099999999999999 0.036206896551724155 0.022456896551724115
18 0.6143749999999999 0.951875 0.02372844827586207 0.026228448275862237
03 0.37187499999999996 0.8999999999999999 0.0661363636363636 0.02738636363636371
08 0.36125 0.915625 0.05748579545454546 0.048735795454545316
