18 0.665 0.21875 0.019983552631578916 0.022483552631578974
13 0.09 0.059375000000000004 0.05249161073825505 0.07374161073825504
20 0.588125 0.045 0.011206896551724133 0.01245689655172414
00 0.596875 0.6856249999999999 0.03874444444444458 0.026244444444444404
03 0.2925 0.9143749999999999 0.1324880952380953 0.07873809523809505
10 0.934375 0.058124999999999996 0.01374297752808984 0.01624297752808989
06 0.318125 0.6737500000000001 0.0762450980392157 0.04499509803921564
03 0.8274999999999999 0.903125 0.032456896551724124 0.03120689655172415
07 0.8987499999999999 0.48375 0.04250000000000009 0.03247844827586205
18 0.765625 0.195625 0.018636363636363784 0.021136363636363675
13 0.113125 0.33 0.05623579545454545 0.04248579545454545
