03 0.328125 0.34625 0.02623355263157895 0.03248355263157887
11 0.42000000000000004 0.571875 0.03749161073825508 0.0337416107382551
03 0.94375 0.736875 0.02745689655172412 0.03120689655172415
11 0.38687499999999997 0.5900000000000001 0.021244444444444455 0.019994444444444537
07 0.531875 0.19125 0.013738095238095216 0.04248809523809527
03 0.078125 0.369375 0.06374297752808988 0.03624297752808986
06 0.843125 0.89625 0.008745098039215637 0.06749509803921572
13 0.6187499999999999 0.16749999999999998 0.07245689655172416 0.08495689655172414
05 0.39749999999999996 0.40875 0.02247844827586204 0.04247844827586211
00 0.0875 0.42625 0.03988636363636362 0.0298863636363636
00 0.86 0.29125 0.02498579545454538 0.02498579545454549
03 0.9425 0.5825 0.04746951219512208 0.019969512195121997
