03 0.791875 0.1925 0.04873355263157886 0.06748355263157896
02 0.34562499999999996 0.889375 0.043741610738255055 0.04874161073825489
06 0.135 0.6031249999999999 0.03245689655172414 0.12620689655172412
04 0.14500000000000002 0.95875 0.02749444444444446 0.029994444444444435
03 0.070625 0.611875 0.03373809523809523 0.031238095238095176
03 0.9243767556179776 0.44437499999999996 0.07624648876404494 0.06874297752808983
06 0.038125 0.51125 0.021245098039215687 0.04249509803921575
02 0.45375 0.31875 0.0724568965517241 0.09495689655172412
06 0.165 0.0375 0.05997844827586207 0.01997844827586207
14 0.37 0.11937500000000001 0.057386363636363624 0.04113636363636364
