14 0.250625 0.76625 0.051233552631579 0.03248355263157898
03 0.114375 0.06375 0.03874161073825505 0.039991610738255044
12 0.304375 0.893125 0.046206896551724164 0.053706896551724115
06 0.869375 0.5137499999999999 0.08124444444444434 0.09499444444444449
03 0.16375 0.9668749999999999 0.024988095238095254 0.04623809523809508
14 0.311875 0.68875 0.028742977528089853 0.06499297752808986
06 0.74625 0.919375 0.06749509803921572 0.07874509803921559
03 0.795625 0.18937500000000002 0.0387068965517241 0.04870689655172414
19 0.7725 0.58375 0.02747844827586221 0.05247844827586201
05 0.5856250000000001 0.87625 0.018636363636363673 0.04488636363636378
06 0.24124644886363636 0.29000000000000004 0.0249928977272727 0.032485795454545496
17 0.6343749999999999 0.248125 0.03621951219512198 0.04371951219512199
07 0.123125 0.338125 0.05873214285714287 0.04623214285714283
