03 0.030625000000000006 0.81375 0.041233552631578956 0.047483552631578885
04 0.885 0.108125 0.05749161073825482 0.04874161073825506
04 0.68625 0.40125 0.04495689655172408 0.044956896551724135
14 0.7775000000000001 0.099375 0.1099944444444444 0.05624444444444446
20 0.5318750000000001 0.835 0.04873809523809525 0.034988095238095096
03 0.785625 0.9293750000000001 0.05124297752808982 0.04874297752808976
06 0.666875 0.92625 0.1512450980392157 0.042495098039215695
14 0.32938577586206896 0.16312500000000002 0.07122844827586206 0.05370689655172414
02 0.306875 0.8812500000000001 0.09122844827586207 0.08997844827586221
18 0.81375 0.13874999999999998 0.039886363636363775 0.04238636363636364
03 0.839375 0.165 0.07373579545454534 0.059985795454545465
03 0.286875 0.59 0.056219512195122 0.09496951219512195
