02 0.7593749999999999 0.825625 0.031233552631578898 0.0362335526315789
06 0.7481249999999999 0.826875 0.026241610738254928 0.01624161073825492
03 0.429375 0.66 0.04120689655172416 0.04745689655172414
14 0.481875 0.9175 0.03124444444444452 0.019994444444444426
01 0.788125 0.058125 0.03373809523809512 0.02623809523809524
20 0.221875 0.418125 0.038742977528089834 0.028742977528089853
13 0.94375 0.5387500000000001 0.017495098039215673 0.03499509803921563
07 0.43 0.64625 0.05995689655172409 0.1174568965517242
12 0.8218749999999999 0.55125 0.06872844827586222 0.04497844827586206
05 0.40125 0.245 0.03988636363636355 0.022386363636363676
15 0.428125 0.6056250000000001 0.01623579545454551 0.023735795454545516
16 0.51625 0.90875 0.05246951219512197 0.03496951219512201
