00 0.62375 0.8175 0.022483552631578863 0.022483552631578974
12 0.21875 0.458125 0.06749161073825505 0.043741610738255055
20 0.48062499999999997 0.878125 0.013706896551724135 0.01370689655172408
05 0.275625 0.24625 0.016244444444444395 0.03749444444444444
03 0.493125 0.339375 0.016238095238095274 0.018738095238095276
13 0.5293749999999999 0.49875 0.043742977528089866 0.0649929775280898
01 0.1825 0.076875 0.012495098039215696 0.013745098039215697
11 0.0275 0.855 0.022456896551724136 0.019956896551724057
12 0.4375 0.915625 0.05247844827586201 0.046228448275862144
12 0.44625 0.80625 0.0323863636363636 0.039886363636363775
18 0.448125 0.38312500000000005 0.016235795454545454 0.018735795454545456
03 0.121875 0.52125 0.011219512195121933 0.039969512195122014
05 0.9537500000000001 0.9412499999999999 0.029982142857142846 0.01748214285714289
08 0.114375 0.4 0.021237500000000006 0.034987500000000005
