18 0.6487499999999999 0.25875000000000004 0.022483552631578863 0.024983552631578976
07 0.265 0.05 0.022491610738255063 0.09499161073825504
03 0.6168642241379311 0.959375 0.028728448275862073 0.06620689655172418
20 0.193125 0.264375 0.021244444444444427 0.021244444444444455
18 0.540625 0.039375 0.023738095238095225 0.02623809523809523
18 0.41375 0.9425 0.02749297752808988 0.029992977528089826
08 0.7324999999999999 0.900625 0.022495098039215677 0.046245098039215726
13 0.5175000000000001 0.8143750000000001 0.11495689655172414 0.053706896551724115
11 0.75 0.5449999999999999 0.042478448275862224 0.04497844827586206
03 0.39625 0.375 0.01988636363636359 0.0323863636363636
03 0.278125 0.184375 0.03623579545454547 0.05123579545454546
