15 0.739375 0.161875 0.16373355263157885 0.04873355263157894
07 0.469375 0.575 0.05124161073825506 0.08999161073825512
03 0.586875 0.2125 0.04870689655172411 0.02995689655172412
06 0.365625 0.826875 0.12124444444444443 0.05874444444444438
14 0.21875 0.17375000000000002 0.04498809523809527 0.05248809523809525
08 0.340625 0.30374999999999996 0.04874297752808987 0.024992977528089877
00 0.729375 0.14 0.04124509803921561 0.024995098039215707
08 0.8418749999999999 0.925 0.053706896551724115 0.029956896551724177
00 0.905 0.8831249999999999 0.03747844827586222 0.028728448275862184
10 0.825625 0.33187500000000003 0.03113636363636374 0.028636363636363626
01 0.9075 0.515 0.044985795454545285 0.03748579545454539
08 0.611875 0.1475 0.04121951219512188 0.01746951219512194
08 0.5425044642857143 0.18187499999999998 0.034991071428571496 0.06873214285714285
15 0.59375 0.84 0.0174875000000001 0.019987500000000047
