14 0.48 0.685 0.022483552631578918 0.019983552631578916
06 0.6243770973154362 0.38375 0.041245805369127586 0.05749161073825504
06 0.8374999999999999 0.270625 0.06245689655172415 0.018706896551724084
05 0.97875 0.6912499999999999 0.027494444444444266 0.027494444444444377
18 0.40875 0.4125 0.017488095238095247 0.01998809523809525
03 0.87375 0.53375 0.014992977528089813 0.03749297752808978
03 0.731875 0.965625 0.056245098039215624 0.02624509803921571
03 0.510625 0.974375 0.01370689655172419 0.0237068965517242
14 0.089375 0.403125 0.02372844827586207 0.05122844827586204
01 0.204375 0.85875 0.01613636363636367 0.012386363636363695
14 0.21750000000000003 0.610625 0.029985795454545466 0.04373579545454542
11 0.081875 0.73125 0.02871951219512195 0.022469512195122054
00 0.50875 0.72125 0.027482142857142844 0.02498214285714273
10 0.4325 0.441875 0.02498750000000005 0.02123750000000002
