14 0.7831250000000001 0.389375 0.02873355263157895 0.08373355263157894
08 0.763125 0.651875 0.04124161073825483 0.013741610738254861
03 0.4275 0.019375 0.022456896551724115 0.02620689655172414
10 0.5531250000000001 0.705 0.02124444444444451 0.022494444444444373
06 0.711875 0.39 0.04623809523809508 0.06748809523809529
10 0.9393750000000001 0.57125 0.0212429775280899 0.019992977528089817
10 0.665 0.901875 0.02999509803921574 0.031245098039215713
06 0.683125 0.06375 0.0237068965517242 0.014956896551724143
03 0.660625 0.388125 0.03122844827586224 0.06622844827586205
06 0.6956249999999999 0.719375 0.008636363636363664 0.033636363636363686
