02 0.36124999999999996 0.364375 0.034983552631578874 0.061233552631578925
09 0.125625 0.120625 0.038741610738255036 0.04874161073825503
07 0.21875 0.15498922413793104 0.05995689655172415 0.02497844827586207
03 0.29875 0.579375 0.05499444444444446 0.07124444444444444
14 0.14125000000000001 0.556875 0.052488095238095236 0.031238095238095287
06 0.7825 0.478125 0.1149929775280899 0.03374297752808986
03 0.930625 0.676875 0.08624509803921565 0.031245098039215602
03 0.066875 0.455625 0.026206896551724153 0.06120689655172418
08 0.881875 0.06125 0.07122844827586217 0.017478448275862063
07 0.071875 0.484375 0.01863636363636363 0.0686363636363636
