03 0.339375 0.149375 0.02123355263157889 0.02623355263157895
03 0.940625 0.326875 0.04374161073825489 0.05374161073825506
03 0.8525107758620689 0.4925 0.01997844827586215 0.014956896551724164
07 0.15249999999999997 0.866875 0.019994444444444454 0.023744444444444346
08 0.94625 0.30062500000000003 0.019988095238095194 0.028738095238095285
12 0.022500000000000003 0.525625 0.029992977528089892 0.0312429775280898
09 0.6325000000000001 0.674375 0.02999509803921574 0.026245098039215597
06 0.76125 0.579375 0.03745689655172413 0.04870689655172411
14 0.780625 0.16749999999999998 0.021228448275862233 0.022478448275862067
17 0.590625 0.173125 0.018636363636363673 0.021136363636363675
03 0.45125000000000004 0.8975 0.022485795454545487 0.027485795454545325
03 0.5387500000000001 0.46125 0.01746951219512194 0.029969512195122006
03 0.5137499999999999 0.6275 0.03248214285714279 0.019982142857142837
