03 0.5549999999999999 0.21875 0.039983552631578934 0.049983552631579
03 0.670625 0.421875 0.018741610738254866 0.056241610738255066
01 0.43 0.485 0.02745689655172412 0.019956896551724113
07 0.7150000000000001 0.791875 0.029994444444444324 0.031244444444444408
03 0.8006249999999999 0.8400000000000001 0.03623809523809507 0.024988095238095087
03 0.06625 0.6893750000000001 0.027492977528089886 0.0837429775280899
14 0.923125 0.66625 0.04874509803921567 0.024995098039215735
15 0.829375 0.535625 0.026206896551724146 0.011206896551724133
13 0.815 0.30062500000000003 0.08997844827586221 0.05122844827586209
08 0.63625 0.5025000000000001 0.022386363636363593 0.059886363636363626
11 0.733125 0.223125 0.0337357954545453 0.03623579545454547
03 0.083125 0.79 0.026219512195121947 0.07746951219512199
13 0.24625 0.28812499999999996 0.11748214285714281 0.06373214285714285
