06 0.6012541118421053 0.704375 0.1449917763157894 0.02123355263157889
07 0.17625209731543623 0.3125 0.054995805369127515 0.034991610738255075
11 0.1175 0.05375 0.03745689655172413 0.029956896551724135
03 0.569375 0.484375 0.03124444444444452 0.03124444444444452
17 0.361875 0.18937500000000002 0.03623809523809529 0.03373809523809526
16 0.6937500000000001 0.115625 0.04499297752808984 0.051242977528089886
13 0.73 0.9675 0.24749509803921566 0.0474950980392157
07 0.24188577586206897 0.7206250000000001 0.05372844827586204 0.08370689655172414
11 0.8987499999999999 0.620625 0.03497844827586227 0.026228448275862126
18 0.9593750000000001 0.544375 0.016136363636363726 0.018636363636363673
