19 0.64375 0.923125 0.022483552631578863 0.013733552631578938
02 0.326875 0.94 0.013741610738255028 0.05249161073825481
09 0.35562499999999997 0.44875 0.01870689655172414 0.032456896551724124
03 0.24312499999999998 0.684375 0.028744444444444434 0.021244444444444288
07 0.7818779761904762 0.451875 0.04124404761904754 0.021238095238095223
15 0.5837517556179775 0.30625 0.012496488764044855 0.014992977528089868
03 0.6231249999999999 0.135625 0.028745098039215766 0.018745098039215702
14 0.32 0.029375000000000005 0.022456896551724115 0.033706896551724146
13 0.44375 0.1 0.05997844827586207 0.017478448275862063
01 0.7424999999999999 0.754375 0.014886363636363753 0.016136363636363726
12 0.44937499999999997 0.719375 0.028735795454545465 0.03623579545454536
13 0.28 0.9137500000000001 0.03246951219512201 0.08246951219512189
06 0.5662499999999999 0.53125 0.029982142857142846 0.07248214285714288
13 0.155625 0.9256249999999999 0.06373750000000002 0.03873749999999998
