03 0.23625000000000002 0.595 0.00998355263157899 0.019983552631578916
11 0.6599999999999999 0.169375 0.029991610738254848 0.023741610738255037
12 0.150625 0.736875 0.03870689655172413 0.053706896551724115
03 0.6468750000000001 0.9612499999999999 0.008744444444444333 0.04499444444444445
08 0.7887500000000001 0.133125 0.04248809523809516 0.023738095238095225
01 0.39749999999999996 0.51125 0.014992977528089868 0.01749297752808987
06 0.140625 0.8374999999999999 0.021245098039215704 0.032495098039215686
15 0.705625 0.7825 0.026206896551724035 0.022456896551724115
14 0.17125 0.68125 0.019978448275862065 0.042478448275862224
04 0.52125 0.708125 0.027386363636363598 0.02113636363636373
