20 0.43062500000000004 0.384375 0.013733552631578883 0.013733552631578883
03 0.8925 0.22749999999999998 0.012491610738254888 0.024991610738255038
20 0.9381250000000001 0.653125 0.02120689655172414 0.016206896551724137
00 0.7424999999999999 0.744375 0.017494444444444368 0.01874444444444434
08 0.6875 0.903125 0.019988095238095083 0.03623809523809507
17 0.7525 0.43 0.029992977528089937 0.02749297752808988
06 0.36187622549019605 0.16999999999999998 0.026247549019607852 0.014995098039215699
03 0.1325 0.23 0.03995689655172413 0.03745689655172413
01 0.6950000000000001 0.518125 0.01997844827586215 0.018728448275862064
06 0.651875 0.20500000000000002 0.05363636363636359 0.05488636363636365
03 0.915 0.42874999999999996 0.017485795454545316 0.024985795454545434
13 0.23625000000000002 0.46562499999999996 0.07996951219512197 0.023719512195121972
