03 0.525 0.4425 0.037483552631578876 0.029983552631578925
14 0.095625 0.47250000000000003 0.02874161073825504 0.03749161073825508
05 0.6362392241379311 0.15625 0.022478448275862095 0.032456896551724124
18 0.294375 0.973125 0.016244444444444395 0.01874444444444434
14 0.13124999999999998 0.580625 0.024988095238095226 0.013738095238095327
18 0.4 0.84875 0.019992977528089872 0.022492977528089764
15 0.06625 0.060625 0.017495098039215687 0.028745098039215683
03 0.22062500000000002 0.7275 0.05120689655172414 0.049956896551724195
03 0.48813038793103447 0.360625 0.011239224137931048 0.02622844827586207
13 0.705625 0.568125 0.036136363636363744 0.051136363636363535
10 0.6125 0.51 0.019985795454545485 0.01498579545454548
13 0.6168750000000001 0.84875 0.03371951219512204 0.029969512195122006
