11 0.251875 0.96375 0.04373355263157899 0.029983552631578814
06 0.8125020973154362 0.46499999999999997 0.019995805369127484 0.05249161073825509
10 0.763125 0.5431250000000001 0.03870689655172421 0.03120689655172415
08 0.6875 0.52 0.05749444444444429 0.02499444444444454
06 0.345625 0.5825 0.11623809523809525 0.0874880952380952
03 0.22312500000000002 0.6637500000000001 0.04874297752808984 0.032492977528089884
15 0.294375 0.525625 0.04374509803921567 0.02624509803921571
03 0.08625 0.691875 0.06745689655172414 0.06370689655172412
10 0.17625 0.48625 0.04247844827586206 0.03497844827586205
09 0.9356249999999999 0.1325 0.0336363636363638 0.02238636363636362
03 0.41875355113636364 0.48375 0.02999289772727276 0.03748579545454539
17 0.506875 0.221875 0.048719512195121994 0.04871951219512197
18 0.36812500000000004 0.856875 0.02623214285714287 0.028732142857142873
