06 0.14437088815789473 0.35562499999999997 0.031241776315789477 0.048733552631578914
13 0.44125000000000003 0.809375 0.02499161073825501 0.056241610738254955
03 0.8899999999999999 0.513125 0.012456896551724106 0.023706896551724088
07 0.9237500000000001 0.218125 0.027494444444444377 0.02624444444444443
15 0.250625 0.610625 0.013738095238095271 0.03873809523809524
02 0.575 0.30437499999999995 0.012492977528089866 0.02624297752808985
03 0.645625 0.425 0.021245098039215593 0.027495098039215682
20 0.178125 0.20500000000000002 0.013706896551724135 0.014956896551724136
01 0.37625 0.2925 0.009978448275862084 0.01247844827586203
03 0.47625 0.30374999999999996 0.027386363636363598 0.027386363636363653
