13 0.90625 0.281875 0.04248355263157899 0.12623355263157895
11 0.463125 0.9550000000000001 0.023741610738255037 0.01999161073825484
17 0.566875 0.6056250000000001 0.0237068965517242 0.043706896551724106
14 0.118125 0.528125 0.04874444444444445 0.016244444444444506
01 0.40249999999999997 0.870625 0.012488095238095298 0.011238095238095158
03 0.8981250000000001 0.7224999999999999 0.016242977528089786 0.04249297752808989
15 0.9075 0.848125 0.027495098039215682 0.028745098039215655
18 0.41000000000000003 0.41125 0.017456896551724166 0.019956896551724168
08 0.056874999999999995 0.188125 0.04622844827586206 0.018728448275862064
03 0.391875 0.056875 0.06863636363636355 0.021136363636363634
11 0.47625 0.651875 0.027485795454545436 0.023735795454545294
06 0.053125 0.62375 0.041219512195121946 0.019969512195121997
03 0.923125 0.30000000000000004 0.04123214285714283 0.03248214285714285
