06 0.43750411184210525 0.581875 0.027491776315789418 0.023733552631578947
06 0.013749999999999998 0.1375 0.0074916107382550345 0.024991610738255038
04 0.290625 0.543125 0.023706896551724144 0.026206896551724146
18 0.15562499999999999 0.33999999999999997 0.01624444444444445 0.017494444444444535
12 0.34562499999999996 0.283125 0.02373809523809528 0.026238095238095283
10 0.22125 0.7068749999999999 0.01749297752808987 0.01374297752808984
12 0.8356250000000001 0.471875 0.021245098039215704 0.03374509803921566
02 0.44125000000000003 0.535 0.019956896551724113 0.02745689655172412
03 0.9668749999999999 0.34562499999999996 0.03872844827586219 0.016228448275862062
03 0.40625 0.06125 0.027386363636363598 0.03238636363636363
07 0.62 0.390625 0.029985795454545494 0.013735795454545507
