03 0.68125 0.5925 0.014983552631578911 0.05498355263157895
06 0.390625 0.793125 0.0337416107382551 0.011241610738254915
03 0.049375 0.21437499999999998 0.04870689655172414 0.026206896551724118
07 0.035625000000000004 0.0975 0.05124444444444445 0.02749444444444446
00 0.9706250000000001 0.784375 0.03373809523809512 0.023738095238095114
06 0.81375 0.7868732443820224 0.09749297752808983 0.04874648876404497
00 0.56 0.87375 0.03499509803921563 0.032495098039215686
04 0.8887499999999999 0.836875 0.02495689655172406 0.018706896551724195
20 0.8525 0.79125 0.012478448275862197 0.012478448275862197
02 0.576875 0.7737499999999999 0.03863636363636358 0.05988636363636368
