10 0.905 0.255625 0.022483552631578863 0.023733552631578947
06 0.10500000000000001 0.106875 0.06749161073825505 0.04124161073825505
20 0.708125 0.48 0.018706896551724084 0.012456896551724161
10 0.72375 0.490625 0.02499444444444432 0.023744444444444512
15 0.7875000000000001 0.48062499999999997 0.054988095238095114 0.02373809523809528
02 0.9412499999999999 0.838125 0.04249297752808989 0.036242977528089915
03 0.7025 0.496875 0.017495098039215673 0.04124509803921572
06 0.755 0.736875 0.11495689655172403 0.08370689655172414
04 0.458125 0.30625 0.04122844827586203 0.034978448275862106
03 0.441875 0.034375 0.016136363636363615 0.053636363636363635
02 0.169375 0.31 0.05373579545454549 0.047485795454545454
03 0.6 0.40812499999999996 0.012469512195121935 0.058719512195122
08 0.8262499999999999 0.48875 0.019982142857142837 0.0399821428571428
04 0.474375 0.83875 0.028737500000000027 0.0324875
