03 0.17250000000000001 0.928125 0.05748355263157895 0.033733552631578956
06 0.703125 0.5037499999999999 0.021241610738254924 0.147491610738255
12 0.15625 0.74 0.06995689655172412 0.05245689655172414
08 0.928751388888889 0.35 0.014997222222222217 0.017494444444444535
03 0.941875 0.5325 0.028738095238095118 0.02248809523809525
05 0.84375 0.37687499999999996 0.01749297752808987 0.04624297752808987
03 0.5631250000000001 0.3775 0.06374509803921569 0.027495098039215682
03 0.7737499999999999 0.178125 0.04495689655172408 0.023706896551724144
10 0.8143750000000001 0.6125 0.026228448275862237 0.01747844827586198
03 0.39375 0.514375 0.047386363636363615 0.038636363636363635
18 0.18625 0.47 0.02498579545454549 0.027485795454545492
