03 0.8531249999999999 0.27249999999999996 0.018733552631578942 0.014983552631578967
11 0.411875 0.355 0.021241610738255035 0.01999161073825506
01 0.72 0.47625 0.012456896551724106 0.012456896551724106
03 0.7731250000000001 0.46187500000000004 0.03874444444444436 0.031244444444444464
09 0.350625 0.845625 0.026238095238095283 0.028738095238095118
00 0.79125 0.798125 0.024992977528089932 0.018742977528089844
07 0.483125 0.87625 0.013745098039215697 0.027495098039215682
19 0.7931250000000001 0.40125 0.011206896551724133 0.012456896551724106
00 0.4375 0.899375 0.01747844827586209 0.01622844827586223
09 0.6775 0.033125 0.019886363636363757 0.018636363636363635
12 0.8518749999999999 0.2525 0.031235795454545356 0.027485795454545464
