08 0.85625 0.451875 0.04248355263157888 0.018733552631578887
05 0.6699999999999999 0.8125 0.01999161073825484 0.03999161073825497
04 0.036875000000000005 0.423125 0.02870689655172414 0.031206896551724095
03 0.8812500000000001 0.22999999999999998 0.037494444444444386 0.03499444444444441
01 0.18312499999999998 0.7125 0.028738095238095257 0.027488095238095145
04 0.526875 0.6775 0.028742977528089853 0.022492977528089764
15 0.7693749999999999 0.26625 0.021245098039215704 0.03749509803921569
13 0.31437499999999996 0.825 0.023706896551724144 0.1374568965517241
08 0.03186961206896552 0.31625000000000003 0.04123922413793103 0.03747844827586205
04 0.518125 0.735625 0.023636363636363567 0.02113636363636373
00 0.938125 0.5349999999999999 0.026235795454545352 0.02498579545454549
06 0.6187499999999999 0.6975 0.06746951219512198 0.04246951219512196
