12 0.89125 0.43937499999999996 0.06498355263157896 0.06873355263157893
03 0.61625 0.705 0.08999161073825501 0.0949916107382549
03 0.84625 0.515625 0.08745689655172406 0.07620689655172413
09 0.1925 0.28312499999999996 0.05249444444444443 0.048744444444444424
09 0.101875 0.6299999999999999 0.038738095238095224 0.09498809523809515
07 0.67875 0.22499999999999998 0.12249297752808985 0.019992977528089845
02 0.260625 0.604375 0.08124509803921567 0.021245098039215593
07 0.5137499999999999 0.166875 0.14745689655172411 0.09870689655172414
11 0.303125 0.904375 0.05372844827586204 0.0437284482758622
07 0.27 0.6725000000000001 0.042386363636363666 0.12738636363636358
14 0.755625 0.5331250000000001 0.05123579545454526 0.06873579545454545
