05 0.20124999999999998 0.6756249999999999 0.02748355263157895 0.043733552631578854
13 0.785625 0.7075 0.07874161073825492 0.05749161073825493
20 0.81125 0.918125 0.03495689655172418 0.028706896551724093
08 0.8300000000000001 0.7125 0.07749444444444442 0.06249444444444441
05 0.503125 0.938125 0.0462380952380953 0.028738095238095118
14 0.07375 0.6825 0.03749297752808988 0.029992977528089826
03 0.385625 0.380625 0.03374509803921566 0.031245098039215713
05 0.10875000000000001 0.109375 0.03495689655172414 0.04370689655172412
03 0.06937499999999999 0.20375 0.05372844827586206 0.06997844827586205
03 0.7875 0.290625 0.0748863636363637 0.07113636363636361
