20 0.338125 0.76375 0.04623355263157897 0.03498355263157893
06 0.27125209731543626 0.26937500000000003 0.11749580536912754 0.006241610738255077
20 0.489375 0.265625 0.031206896551724095 0.023706896551724088
18 0.21437499999999998 0.62375 0.02624444444444443 0.029994444444444546
03 0.453125 0.10500000000000001 0.05623809523809531 0.04248809523809523
01 0.058125 0.400625 0.02374297752808989 0.018742977528089844
03 0.27375 0.06875 0.0474950980392157 0.0399950980392157
15 0.8787499999999999 0.8287500000000001 0.03495689655172407 0.06245689655172415
10 0.8043750000000001 0.22312500000000002 0.0337284482758623 0.03372844827586205
03 0.409375 0.975 0.023636363636363567 0.03238636363636371
06 0.07812855113636363 0.816875 0.036242897727272724 0.031235795454545356
20 0.6543749999999999 0.16562500000000002 0.023719512195122028 0.021219512195121942
14 0.924375 0.9225000000000001 0.0587321428571429 0.039982142857142855
03 0.073125 0.171875 0.021237500000000006 0.09373750000000003
