14 0.33062499999999995 0.629375 0.0337335526315789 0.05623355263157892
03 0.93875 0.8006249999999999 0.012491610738254888 0.028741610738254875
03 0.213125 0.78 0.043706896551724134 0.05495689655172409
14 0.20750000000000002 0.595 0.037494444444444414 0.03499444444444455
20 0.8868750000000001 0.8825000000000001 0.021238095238095167 0.02248809523809514
06 0.411875 0.6643749999999999 0.018742977528089844 0.03124297752808991
12 0.15875 0.75875 0.054995098039215706 0.06749509803921572
03 0.895 0.7168749999999999 0.06245689655172415 0.06120689655172418
03 0.65375 0.6637500000000001 0.024978448275862264 0.02747844827586221
11 0.308125 0.389375 0.03113636363636363 0.018636363636363618
10 0.43374999999999997 0.0825 0.027485795454545492 0.027485795454545464
12 0.7125 0.49125 0.039969512195122014 0.047469512195121966
20 0.62125 0.69625 0.02498214285714284 0.022482142857142784
08 0.40625 0.9181250000000001 0.06248750000000003 0.026237500000000025
