10 0.268125 0.7806249999999999 0.03123355263157901 0.031233552631578898
09 0.6581250000000001 0.38375000000000004 0.028741610738254875 0.03499161073825502
03 0.244375 0.7875 0.03870689655172413 0.03745689655172413
01 0.6625 0.280625 0.03249444444444438 0.028744444444444406
05 0.34500297619047615 0.81625 0.04499404761904763 0.02998809523809509
03 0.30874999999999997 0.20375 0.03999297752808989 0.03749297752808986
02 0.8943737745098039 0.736875 0.03874754901960786 0.026245098039215597
02 0.499375 0.895 0.026206896551724146 0.04745689655172414
03 0.678125 0.32375 0.01372844827586217 0.017478448275862035
14 0.743125 0.7725 0.02113636363636373 0.05488636363636379
03 0.82625 0.034374999999999996 0.05748579545454535 0.03123579545454545
15 0.8143750000000001 0.77625 0.043719512195122046 0.014969512195121881
