06 0.333125 0.615625 0.06873355263157893 0.06873355263157888
07 0.34625 0.78375 0.022491610738255008 0.04499161073825497
18 0.7206250000000001 0.840625 0.023706896551724088 0.026206896551724146
13 0.563125 0.5493750000000001 0.0787444444444445 0.15374444444444452
09 0.811875 0.148125 0.041238095238095074 0.033738095238095234
10 0.485 0.41500000000000004 0.019992977528089872 0.019992977528089872
03 0.19437500000000002 0.625 0.03374509803921569 0.034995098039215744
20 0.70875 0.7268749999999999 0.019956896551724057 0.018706896551724195
07 0.14 0.40625 0.022478448275862067 0.049978448275862064
06 0.795596590909091 0.9025 0.028693181818181923 0.11238636363636378
