03 0.625625 0.380625 0.043733552631578965 0.018733552631578887
18 0.666875 0.026249999999999996 0.016241610738254808 0.01999161073825503
06 0.38875 0.91125 0.012456896551724106 0.07495689655172422
14 0.6412513888888889 0.32625000000000004 0.03999722222222224 0.024994444444444486
00 0.47062499999999996 0.59375 0.028738095238095285 0.019988095238095305
20 0.20750000000000002 0.7037500000000001 0.01499297752808984 0.012492977528089866
18 0.9 0.461875 0.014995098039215726 0.0162450980392157
03 0.7462500000000001 0.785 0.012456896551724106 0.03745689655172413
03 0.191875 0.12125 0.02372844827586207 0.03247844827586205
04 0.83875 0.12 0.02738636363636382 0.019886363636363633
03 0.42125 0.32062500000000005 0.012485795454545479 0.028735795454545465
