03 0.6250041118421052 0.32687499999999997 0.024991776315789416 0.04623355263157891
10 0.73 0.704375 0.024991610738254844 0.02374161073825487
20 0.365 0.344375 0.02745689655172412 0.02120689655172414
20 0.030625 0.2625 0.028744444444444444 0.02499444444444443
13 0.17375000000000002 0.569375 0.09998809523809526 0.04873809523809525
03 0.901875 0.38 0.01374297752808984 0.019992977528089817
09 0.225 0.7262500000000001 0.019995098039215675 0.03999509803921575
02 0.45375 0.24625000000000002 0.044956896551724135 0.03245689655172415
03 0.159375 0.575625 0.06372844827586208 0.026228448275862015
10 0.318125 0.55375 0.016136363636363615 0.01738636363636359
18 0.83875 0.425 0.027485795454545325 0.027485795454545436
