18 0.3075 0.59125 0.022483552631578974 0.02498355263157881
02 0.060625 0.713125 0.028741610738255034 0.08874161073825482
07 0.681864224137931 0.934375 0.053728448275861984 0.036206896551724044
19 0.639375 0.7887500000000001 0.03124444444444452 0.03999444444444433
03 0.590625 0.21625 0.026238095238095283 0.027488095238095256
12 0.483125 0.5018750000000001 0.041242977528089864 0.043742977528089866
04 0.704375 0.030625 0.02374509803921565 0.02374509803921569
01 0.921875 0.670625 0.04120689655172405 0.036206896551724155
19 0.164375 0.153125 0.03622844827586205 0.031228448275862047
08 0.7524715909090909 0.7362500000000001 0.0349431818181819 0.04488636363636378
06 0.57375 0.0625 0.0399857954545455 0.12498579545454547
11 0.04375 0.534375 0.042469512195121954 0.03121951219512198
07 0.6368705357142856 0.100625 0.07374107142857145 0.05623214285714287
09 0.5343718749999999 0.460625 0.038743749999999966 0.03123750000000003
