03 0.8687499999999999 0.5225 0.039983552631578934 0.037483552631578876
03 0.7062479026845637 0.37187499999999996 0.02249580536912754 0.02874161073825504
15 0.28 0.215625 0.019956896551724113 0.023706896551724116
01 0.420625 0.971875 0.018744444444444508 0.01874444444444434
06 0.5799970238095238 0.5275000000000001 0.014994047619047657 0.11998809523809528
00 0.11437499999999999 0.175625 0.02874297752808988 0.028742977528089853
10 0.6031249999999999 0.73375 0.02374509803921565 0.024995098039215735
03 0.114375 0.9550000000000001 0.038706896551724115 0.022456896551724115
14 0.073125 0.625625 0.036228448275862066 0.046228448275862144
08 0.744375 0.6356250000000001 0.043636363636363695 0.036136363636363744
01 0.90125 0.56 0.017485795454545316 0.012485795454545534
