02 0.889375 0.21437499999999998 0.043733552631578854 0.021233552631578972
03 0.18187709731543625 0.479375 0.026245805369127517 0.013741610738255083
03 0.74 0.268125 0.024956896551724173 0.0662068965517241
11 0.585 0.13124999999999998 0.027494444444444488 0.01749444444444445
03 0.506875 0.68875 0.03123809523809523 0.04998809523809511
05 0.41312499999999996 0.015000000000000001 0.031242977528089855 0.01749297752808989
06 0.86 0.96125 0.07999509803921567 0.027495098039215682
15 0.366875 0.669375 0.023706896551724088 0.02120689655172414
14 0.46625 0.35562499999999997 0.03497844827586205 0.07372844827586206
05 0.10062499999999999 0.526875 0.031136363636363643 0.03113636363636363
