03 0.28625 0.5706249999999999 0.024983552631578976 0.033733552631578845
03 0.97125 0.84125 0.014991610738254946 0.017491610738254892
06 0.175 0.75125 0.032456896551724124 0.02745689655172412
20 0.749375 0.645 0.01124444444444439 0.009994444444444417
05 0.263125 0.825 0.016238095238095274 0.012488095238095132
18 0.76 0.11875 0.004992977528089915 0.007492977528089889
04 0.084375 0.5225 0.02124509803921569 0.01999509803921573
08 0.29125 0.913125 0.00995689655172416 0.018706896551724195
13 0.24875 0.72 0.017478448275862035 0.01997844827586226
06 0.9675 0.3512215909090909 0.057386363636363735 0.02494318181818178
20 0.955 0.958125 0.017485795454545316 0.016235795454545343
06 0.04688262195121951 0.351875 0.011234756097560972 0.006219512195121957
13 0.539375 0.20937499999999998 0.04623214285714283 0.02373214285714284
03 0.63625 0.130625 0.022487499999999994 0.016237500000000002
