20 0.33999999999999997 0.27625 0.03248355263157893 0.03248355263157898
01 0.098125 0.210625 0.04374161073825503 0.02874161073825504
01 0.224375 0.826875 0.043706896551724134 0.036206896551724155
03 0.868125 0.961875 0.03874444444444436 0.023744444444444346
03 0.453125 0.43437499999999996 0.0462380952380953 0.06123809523809526
07 0.235625 0.401875 0.011242977528089837 0.06874297752808983
18 0.781875 0.415625 0.023745098039215762 0.026245098039215653
15 0.11249999999999999 0.044375000000000005 0.05495689655172413 0.04370689655172415
13 0.10436961206896553 0.13187500000000002 0.10873922413793104 0.061228448275862074
13 0.12437499999999999 0.506875 0.03863636363636362 0.11363636363636365
