10 0.506875 0.8418749999999999 0.02373355263157889 0.02123355263157889
15 0.69625 0.6231249999999999 0.014991610738254946 0.011241610738255026
20 0.76125 0.806875 0.014956896551724164 0.018706896551724084
06 0.276875 0.39 0.08124444444444442 0.027494444444444488
08 0.186875 0.505 0.016238095238095246 0.03748809523809521
18 0.486875 0.133125 0.016242977528089897 0.018742977528089885
08 0.753125 0.46875 0.018745098039215757 0.022495098039215677
03 0.95375 0.11625 0.01745689655172411 0.022456896551724143
03 0.336875 0.36375 0.02372844827586207 0.019978448275862093
03 0.8456250000000001 0.49312500000000004 0.018636363636363673 0.018636363636363618
00 0.250625 0.30874999999999997 0.01373579545454548 0.012485795454545479
15 0.724375 0.6681250000000001 0.043719512195121935 0.013719512195122019
04 0.08125 0.6075 0.019982142857142865 0.014982142857142833
04 0.16625 0.75375 0.02248750000000002 0.019987500000000047
