14 0.09812499999999999 0.735625 0.04373355263157895 0.043733552631578854
13 0.875625 0.629375 0.07374161073825491 0.026241610738254928
08 0.22062500000000002 0.600625 0.03620689655172413 0.03120689655172415
03 0.9606250000000001 0.5662499999999999 0.05874444444444438 0.03249444444444449
08 0.7856220238095237 0.268125 0.048744047619047604 0.04373809523809527
01 0.544375 0.365 0.028742977528089853 0.022492977528089875
03 0.30562500000000004 0.18 0.031245098039215657 0.0449950980392157
08 0.128125 0.88875 0.016206896551724123 0.06745689655172415
06 0.853125 0.8200000000000001 0.08372844827586223 0.014978448275862255
07 0.615 0.9137500000000001 0.06488636363636369 0.08738636363636376
