04 0.794375 0.73125 0.018733552631578942 0.019983552631578916
01 0.974375 0.85 0.021241610738254924 0.022491610738254897
14 0.499375 0.4975 0.01870689655172414 0.012456896551724106
14 0.89125 0.9606250000000001 0.04249444444444439 0.021244444444444288
06 0.017499999999999998 0.9099999999999999 0.019988095238095235 0.09498809523809515
09 0.114375 0.18562499999999998 0.04624297752808988 0.04874297752808984
20 0.6756249999999999 0.0625 0.021245098039215704 0.019995098039215696
08 0.8549892241379311 0.57375 0.02747844827586199 0.024956896551724173
02 0.78125 0.41812499999999997 0.014978448275862144 0.06372844827586205
09 0.94625 0.495625 0.029886363636363766 0.03613636363636358
07 0.335625 0.27125 0.02123579545454546 0.01498579545454548
14 0.09937499999999999 0.07062500000000001 0.028719512195121935 0.02121951219512195
01 0.35625 0.28625 0.019982142857142837 0.02498214285714284
12 0.3175 0.344375 0.034987500000000005 0.036237500000000034
