03 0.323125 0.55875 0.07123355263157893 0.03498355263157893
07 0.85375 0.1925 0.05499161073825487 0.05749161073825504
20 0.81125 0.285 0.032456896551724124 0.032456896551724124
15 0.17375 0.443125 0.029994444444444435 0.03874444444444447
02 0.7825 0.496875 0.04998809523809511 0.026238095238095283
03 0.16999999999999998 0.463125 0.01499297752808984 0.023742977528089848
06 0.865 0.90625 0.004995098039215717 0.09249509803921563
03 0.16875 0.9156249999999999 0.06495689655172412 0.0337068965517241
13 0.485 0.166875 0.10247844827586206 0.10872844827586207
20 0.48625 0.8525 0.022386363636363593 0.019886363636363757
14 0.523125 0.58875 0.02123579545454546 0.03248579545454544
07 0.893125 0.13874999999999998 0.02121951219512208 0.029969512195121936
15 0.74625 0.14125 0.02748214285714279 0.022482142857142867
14 0.106875 0.336875 0.04623750000000003 0.026237500000000025
