15 0.825625 0.42125 0.016233552631578996 0.04498355263157888
12 0.6487499999999999 0.65375 0.02999161073825496 0.034991610738254963
01 0.4 0.48375 0.02995689655172412 0.02995689655172412
03 0.796875 0.445625 0.023744444444444346 0.02874444444444446
13 0.9175 0.641875 0.12248809523809512 0.051238095238095194
03 0.81875 0.171875 0.03749297752808989 0.023742977528089848
20 0.753125 0.8125 0.03374509803921566 0.034995098039215744
09 0.16875 0.12187500000000001 0.027456896551724147 0.05870689655172413
06 0.233125 0.095 0.058728448275862044 0.05997844827586207
03 0.840625 0.13 0.018636363636363673 0.042386363636363625
03 0.1875 0.135 0.05248579545454546 0.03748579545454546
07 0.135 0.42625 0.04246951219512193 0.009969512195121988
