03 0.684375 0.824375 0.02873355263157895 0.04623355263157891
11 0.354375 0.70625 0.02624161073825504 0.022491610738254897
14 0.315625 0.619375 0.02120689655172414 0.0387068965517241
10 0.970625 0.84 0.013744444444444337 0.012494444444444364
08 0.6875 0.455625 0.01498809523809519 0.03873809523809524
08 0.03249824438202247 0.150625 0.019996488764044945 0.016242977528089897
03 0.043125000000000004 0.8431249999999999 0.03374509803921569 0.021245098039215704
06 0.663125 0.755625 0.02120689655172414 0.0237068965517242
12 0.130625 0.0775 0.03122844827586206 0.03247844827586207
03 0.565 0.063125 0.022386363636363593 0.016136363636363636
09 0.77875 0.5375000000000001 0.024985795454545268 0.0349857954545455
