10 0.36625 0.48812500000000003 0.019983552631578916 0.013733552631578883
06 0.306875 0.8049999999999999 0.043741610738255055 0.05249161073825481
15 0.6375 0.745625 0.02745689655172412 0.011206896551724133
05 0.9081250000000001 0.889375 0.01124444444444428 0.02874444444444435
03 0.59125 0.046875 0.02498809523809531 0.04623809523809524
05 0.879375 0.2925 0.023742977528089848 0.024992977528089877
03 0.694375 0.879375 0.011245098039215695 0.038745098039215664
18 0.11812500000000001 0.851875 0.013706896551724121 0.016206896551724137
01 0.39375000000000004 0.075 0.009978448275862084 0.012478448275862059
03 0.5762499999999999 0.90125 0.019886363636363646 0.029886363636363766
