12 0.516875 0.70375 0.07873355263157888 0.14248355263157886
01 0.35125 0.0825 0.04999161073825509 0.042491610738255046
08 0.6725 0.585625 0.10995689655172414 0.06870689655172413
03 0.4 0.44 0.11999444444444446 0.13499444444444453
18 0.6187499999999999 0.528125 0.047488095238095274 0.04873809523809525
05 0.77875 0.8106249999999999 0.05999297752808985 0.05624297752808982
12 0.66875 0.5487500000000001 0.06999509803921578 0.07249509803921572
05 0.22 0.550625 0.057456896551724146 0.05620689655172417
03 0.2425 0.381875 0.10747844827586206 0.09622844827586208
14 0.37875000000000003 0.6825 0.04488636363636361 0.04738636363636384
03 0.133125 0.55 0.07373579545454548 0.02498579545454549
