13 0.3875 0.42625 0.1199835526315789 0.042483552631578936
06 0.6025 0.59125 0.0699916107382551 0.05749161073825515
06 0.88625 0.8025 0.029956896551724066 0.07745689655172416
10 0.23 0.49625 0.022494444444444428 0.019994444444444537
15 0.49375 0.54125 0.014988095238095245 0.024988095238095198
12 0.85125 0.963125 0.05999297752808985 0.03874297752808986
00 0.6950000000000001 0.90125 0.022495098039215677 0.017495098039215673
10 0.745 0.66 0.039956896551724075 0.014956896551724164
11 0.141875 0.471875 0.028728448275862073 0.02372844827586207
03 0.586875 0.11499999999999999 0.026136363636363624 0.022386363636363635
07 0.11375 0.5762499999999999 0.04248579545454548 0.012485795454545534
13 0.30625 0.9256249999999999 0.04246951219512202 0.08871951219512197
