06 0.895625 0.35125 0.09123355263157884 0.04498355263157894
03 0.87125 0.131875 0.0849916107382549 0.04374161073825504
03 0.8631249999999999 0.746875 0.02120689655172414 0.016206896551724137
09 0.563125 0.31062500000000004 0.03874444444444447 0.03874444444444447
04 0.066875 0.033125 0.03373809523809524 0.021238095238095236
03 0.9493750000000001 0.744375 0.0212429775280899 0.036242977528089915
03 0.764375 0.96875 0.031245098039215713 0.03749509803921569
20 0.37875000000000003 0.8206249999999999 0.027456896551724175 0.023706896551724088
12 0.5618749999999999 0.483125 0.03372844827586208 0.03372844827586202
07 0.57125 0.918125 0.03488636363636355 0.05113636363636376
09 0.43062500000000004 0.79 0.03373579545454547 0.027485795454545325
