03 0.255 0.035625000000000004 0.057483552631579005 0.031233552631578954
01 0.209375 0.44875 0.03624161073825505 0.029991610738255015
03 0.22 0.10750000000000001 0.054956896551724144 0.039956896551724144
06 0.18687499999999999 0.575 0.07624444444444445 0.06499444444444447
03 0.255 0.8787499999999999 0.017488095238095275 0.08498809523809514
02 0.7625 0.45875 0.019992977528089928 0.06999297752808986
03 0.653125 0.778125 0.04874509803921567 0.07124509803921575
06 0.6174999999999999 0.43 0.022456896551724115 0.02745689655172412
03 0.48812500000000003 0.436875 0.03872844827586208 0.021228448275862066
06 0.491875 0.38375000000000004 0.10613636363636358 0.0873863636363636
03 0.82875 0.233125 0.03998579545454528 0.026235795454545463
03 0.0675 0.15625 0.03496951219512194 0.08996951219512198
