10 0.545625 0.63 0.016233552631578885 0.014983552631578911
06 0.846875 0.355 0.018741610738254866 0.012491610738255055
13 0.8175 0.33687500000000004 0.06245689655172404 0.03870689655172416
06 0.28499861111111113 0.78125 0.039997222222222184 0.05749444444444429
08 0.36624999999999996 0.78125 0.03998809523809527 0.02248809523809503
03 0.60625 0.615625 0.039992977528089835 0.028742977528089853
10 0.43000000000000005 0.273125 0.02499509803921568 0.02374509803921565
10 0.043750000000000004 0.3225 0.01995689655172414 0.014956896551724164
11 0.25187499999999996 0.218125 0.021228448275862066 0.018728448275862064
03 0.446875 0.46187500000000004 0.01613636363636356 0.04113636363636358
