03 0.608125 0.305625 0.06873355263157888 0.03873355263157896
09 0.5525 0.5325 0.03999161073825497 0.034991610738255075
15 0.369375 0.7818750000000001 0.026206896551724146 0.043706896551724106
06 0.10125 0.09687361111111112 0.07999444444444444 0.05874722222222223
11 0.6599999999999999 0.42625 0.034988095238095096 0.03248809523809526
06 0.659375 0.788125 0.06124297752808994 0.023742977528089848
08 0.1793737745098039 0.443125 0.023747549019607822 0.06624509803921569
14 0.159375 0.083125 0.056206896551724145 0.026206896551724132
14 0.0775 0.8431249999999999 0.052478448275862066 0.028728448275862184
14 0.674375 0.46125000000000005 0.04613636363636375 0.024886363636363595
