08 0.45375 0.869375 0.05248355263157889 0.04873355263157886
08 0.646875 0.6387499999999999 0.038741610738254995 0.069991610738255
03 0.828125 0.38375000000000004 0.036206896551724155 0.044956896551724135
03 0.41125 0.5625 0.06249444444444452 0.019994444444444426
10 0.484375 0.731875 0.041238095238095296 0.03373809523809512
09 0.6000000000000001 0.728125 0.05499297752808985 0.03874297752808986
17 0.465625 0.848125 0.038745098039215664 0.056245098039215735
10 0.844375 0.150625 0.03370689655172421 0.031206896551724123
02 0.16062500000000002 0.6656249999999999 0.06372844827586208 0.03872844827586219
07 0.23 0.47875 0.062386363636363684 0.0923863636363636
03 0.381875 0.23625 0.031235795454545467 0.02998579545454544
