03 0.298125 0.573125 0.04123355263157896 0.06623355263157893
05 0.809375 0.34375 0.03624161073825494 0.042491610738255026
04 0.24625000000000002 0.675 0.037456896551724156 0.022456896551724115
06 0.5800000000000001 0.395625 0.09249444444444455 0.03874444444444447
00 0.150625 0.67125 0.03123809523809523 0.027488095238095145
20 0.12 0.5687500000000001 0.02999297752808988 0.022492977528089875
04 0.913125 0.281875 0.03374509803921566 0.02624509803921571
03 0.7775000000000001 0.026250000000000002 0.032456896551724124 0.03245689655172414
05 0.784375 0.3575 0.036228448275862246 0.029978448275862046
04 0.703125 0.245625 0.0386363636363638 0.02613636363636368
08 0.37124999999999997 0.8118749999999999 0.03498579545454544 0.12623579545454533
