20 0.598125 0.8356250000000001 0.031233552631578898 0.023733552631578836
03 0.5974999999999999 0.091875 0.02999161073825507 0.02624161073825504
20 0.7281249999999999 0.165625 0.023706896551724088 0.02120689655172414
00 0.041249999999999995 0.53625 0.03749444444444444 0.027494444444444488
03 0.130625 0.25875 0.031238095238095218 0.047488095238095246
03 0.40812499999999996 0.09625 0.08374297752808985 0.044992977528089895
10 0.28312499999999996 0.473125 0.023745098039215706 0.023745098039215706
07 0.963125 0.10125 0.04120689655172405 0.019956896551724126
03 0.5081249999999999 0.29125 0.03372844827586208 0.029978448275862046
20 0.053750000000000006 0.6368750000000001 0.012386363636363633 0.013636363636363669
