04 0.745 0.28625 0.022483552631578974 0.01748355263157897
17 0.55 0.593125 0.034991610738254963 0.0337416107382551
20 0.8975 0.2 0.022456896551724115 0.01995689655172414
06 0.538125 0.09312500000000001 0.05124444444444454 0.058744444444444446
15 0.40125 0.7418750000000001 0.009988095238095296 0.021238095238095167
08 0.281875 0.90875 0.01374297752808984 0.04499297752808984
04 0.784375 0.9693750000000001 0.028745098039215766 0.021245098039215704
20 0.14750000000000002 0.6187499999999999 0.01995689655172414 0.019956896551724168
11 0.950625 0.31062500000000004 0.028728448275862184 0.016228448275862062
03 0.101875 0.0675 0.03613636363636363 0.022386363636363635
01 0.0975 0.634375 0.01998579545454547 0.013735795454545618
07 0.5193749999999999 0.8506173780487805 0.03371951219512204 0.02123475609756098
10 0.2525 0.359375 0.02248214285714281 0.02373214285714287
