03 0.6100000000000001 0.140625 0.11498355263157889 0.04373355263157895
09 0.918125 0.200625 0.05124161073825495 0.02624161073825504
03 0.864375 0.39749999999999996 0.05870689655172412 0.054956896551724144
07 0.68125 0.53375 0.0524944444444444 0.049994444444444563
20 0.7037500000000001 0.215625 0.02248809523809514 0.016238095238095274
15 0.3375 0.731875 0.05499297752808985 0.043742977528089866
20 0.96875 0.12875 0.03749509803921569 0.03749509803921569
00 0.2375 0.88625 0.032456896551724124 0.032456896551724124
03 0.5775 0.4875 0.06247844827586202 0.024978448275862042
03 0.48124999999999996 0.436875 0.034886363636363604 0.03613636363636358
