13 0.171875 0.255 0.033733552631578956 0.03248355263157898
12 0.021249999999999998 0.889375 0.024991610738255034 0.028741610738254875
03 0.024375 0.6575 0.016206896551724137 0.01745689655172411
10 0.6925 0.9375 0.02499444444444432 0.02499444444444432
18 0.8912500000000001 0.03 0.012488095238095132 0.014988095238095231
06 0.565625 0.06375 0.043742977528089866 0.032492977528089884
06 0.011873774509803921 0.029375000000000002 0.016247549019607843 0.026245098039215688
05 0.8875 0.65625 0.012456896551724106 0.02745689655172412
02 0.495 0.43 0.019978448275862037 0.024978448275862042
19 0.921875 0.520625 0.023636363636363678 0.013636363636363669
07 0.424375 0.179375 0.023735795454545516 0.048735795454545455
03 0.45999999999999996 0.145625 0.017469512195121994 0.016219512195121938
