20 0.8500000000000001 0.79125 0.022483552631578863 0.019983552631578916
09 0.910625 0.174375 0.021241610738254924 0.033741610738255046
03 0.258125 0.115625 0.02120689655172414 0.03620689655172411
03 0.34125 0.024375 0.02499444444444454 0.041244444444444445
03 0.66625 0.1575 0.037488095238095154 0.03498809523809526
03 0.536875 0.9137500000000001 0.018742977528089844 0.029992977528089937
09 0.816875 0.7375 0.02624509803921571 0.024995098039215624
03 0.74625 0.174375 0.01745689655172411 0.03620689655172413
02 0.700625 0.6837500000000001 0.04372844827586231 0.039978448275862166
03 0.65875 0.713125 0.06238636363636363 0.0386363636363638
20 0.280625 0.130625 0.016235795454545454 0.016235795454545482
08 0.7693749999999999 0.24375 0.03871951219512193 0.02996951219512195
14 0.91125 0.379375 0.014982142857142833 0.026232142857142815
