11 0.243125 0.6599999999999999 0.04623355263157897 0.039983552631578934
06 0.4718729026845637 0.558125 0.021245805369127513 0.04624161073825506
20 0.578125 0.42 0.04120689655172405 0.02745689655172412
03 0.865625 0.7012499999999999 0.07624444444444434 0.1574944444444445
03 0.7825 0.093125 0.06498809523809512 0.04123809523809524
17 0.315 0.494375 0.049992977528089844 0.05124297752808982
03 0.5081249999999999 0.595 0.03374509803921566 0.042495098039215695
12 0.06187499999999999 0.83375 0.09120689655172412 0.049956896551724084
10 0.3225 0.235625 0.03247844827586205 0.03622844827586208
16 0.17125 0.12875 0.03488636363636366 0.059886363636363626
00 0.730625 0.85375 0.04623579545454537 0.029985795454545272
