14 0.45375 0.25125 0.037483552631578876 0.042483552631578964
14 0.293125 0.80125 0.031241610738255043 0.03499161073825485
09 0.663125 0.443125 0.0387068965517241 0.046206896551724164
18 0.615625 0.834375 0.018744444444444452 0.0212444444444444
03 0.7475 0.358125 0.0824880952380952 0.0437380952380953
15 0.27749999999999997 0.3825 0.01249297752808981 0.01749297752808987
04 0.630625 0.91375 0.031245098039215602 0.027495098039215682
13 0.525625 0.358125 0.0387068965517241 0.0987068965517241
20 0.2375 0.520625 0.02497844827586207 0.026228448275862126
01 0.05625 0.9412499999999999 0.022386363636363635 0.0173863636363637
