10 0.99125 0.105625 0.014983552631578911 0.013733552631578938
03 0.39 0.56375 0.01749161073825506 0.06249161073825504
03 0.414375 0.291875 0.053706896551724115 0.013706896551724135
03 0.81 0.80375 0.02249444444444426 0.009994444444444306
06 0.313125 0.45875 0.06123809523809526 0.03248809523809526
01 0.17124999999999999 0.02 0.032492977528089884 0.02999297752808989
07 0.86625 0.6268750000000001 0.03499509803921563 0.011245098039215695
03 0.8275 0.9650000000000001 0.03495689655172418 0.032456896551724124
07 0.316875 0.9762500000000001 0.03372844827586208 0.039978448275862166
04 0.971875 0.71875 0.03113636363636374 0.02738636363636382
01 0.76 0.425 0.02248579545454532 0.02498579545454549
09 0.374375 0.27 0.03371951219512198 0.034969512195121955
11 0.526875 0.73875 0.02873214285714276 0.02498214285714284
