10 0.728125 0.21625 0.026233552631578894 0.027483552631578978
06 0.88625 0.9774979026845637 0.06249161073825493 0.03999580536912739
13 0.6018749999999999 0.26375 0.08370689655172414 0.04745689655172411
14 0.2275 0.23125 0.027494444444444432 0.03249444444444441
02 0.22999999999999998 0.724375 0.017488095238095275 0.028738095238095118
11 0.765 0.725625 0.024992977528089932 0.0212429775280899
08 0.16 0.8 0.03499509803921569 0.03999509803921575
10 0.8825000000000001 0.53375 0.02495689655172406 0.01745689655172422
12 0.19375 0.343125 0.03497844827586205 0.028728448275862073
01 0.6950000000000001 0.445 0.014886363636363753 0.01738636363636359
04 0.050625 0.051875000000000004 0.023735795454545454 0.016235795454545447
09 0.53125 0.35625 0.0349695121951219 0.03246951219512195
