03 0.916875 0.874375 0.05873355263157887 0.01873355263157883
06 0.22125 0.97875 0.042491610738255026 0.014991610738254835
11 0.7224999999999999 0.22 0.03495689655172407 0.02745689655172412
05 0.8274999999999999 0.75 0.03999444444444433 0.019994444444444426
18 0.54 0.576875 0.02248809523809525 0.026238095238095283
14 0.111875 0.343125 0.031242977528089896 0.053742977528089875
11 0.134375 0.811875 0.028745098039215697 0.02624509803921571
08 0.47125 0.711875 0.022456896551724115 0.04120689655172416
15 0.915625 0.6368750000000001 0.046228448275862144 0.02372844827586207
03 0.5275000000000001 0.25875000000000004 0.029886363636363655 0.03238636363636366
