03 0.10625411184210526 0.3775 0.04249177631578947 0.017483552631578858
18 0.13124999999999998 0.245625 0.02749161073825504 0.02874161073825504
15 0.935 0.4325 0.004956896551724044 0.04245689655172413
20 0.210625 0.609375 0.031244444444444436 0.023744444444444568
06 0.3775 0.335625 0.03248809523809526 0.021238095238095278
14 0.8125 0.3425 0.04499297752808995 0.044992977528089895
06 0.8325 0.816875 0.059995098039215655 0.06874509803921569
09 0.465 0.47187500000000004 0.03745689655172413 0.04620689655172411
09 0.1175 0.890625 0.05997844827586206 0.046228448275862144
06 0.82375 0.716875 0.04238636363636372 0.1261363636363637
20 0.13874999999999998 0.5 0.019985795454545457 0.017485795454545483
20 0.32062500000000005 0.455625 0.03371951219512198 0.03621951219512198
02 0.77625 0.71375 0.06498214285714288 0.11748214285714287
11 0.473125 0.725625 0.028737500000000027 0.02873749999999997
