15 0.055624999999999994 0.03875 0.008733552631578954 0.027483552631578947
10 0.168125 0.255 0.02874161073825504 0.022491610738255036
20 0.58875 0.120625 0.019956896551724057 0.021206896551724114
02 0.864375 0.58125 0.0362444444444443 0.03499444444444444
06 0.433125 0.05500000000000001 0.013738095238095271 0.029988095238095237
12 0.36624999999999996 0.91625 0.04749297752808984 0.0474929775280899
03 0.45625 0.021875 0.012495098039215669 0.018745098039215688
07 0.595625 0.933125 0.036206896551724155 0.026206896551724146
08 0.68875 0.171875 0.0174784482758622 0.041228448275862084
03 0.49375 0.770625 0.014886363636363642 0.013636363636363669
07 0.234375 0.71 0.05373579545454546 0.07748579545454526
