03 0.781875 0.186875 0.02873355263157884 0.036233552631578986
03 0.8968750000000001 0.188125 0.026241610738254928 0.04874161073825503
15 0.3 0.700625 0.032456896551724124 0.04120689655172416
02 0.485 0.913125 0.047494444444444506 0.07374444444444439
03 0.674375 0.310625 0.048738095238095025 0.05373809523809525
06 0.9750000000000001 0.964375 0.04499297752808984 0.028742977528089853
20 0.11 0.715 0.027495098039215682 0.024995098039215735
01 0.925625 0.77875 0.0387068965517241 0.02745689655172423
00 0.8131250000000001 0.584375 0.028728448275862184 0.02122844827586201
05 0.36875 0.2575 0.027386363636363598 0.04738636363636364
