03 0.635 0.580625 0.022483552631578974 0.03873355263157896
12 0.6443749999999999 0.40937500000000004 0.03374161073825499 0.03874161073825505
20 0.660625 0.92875 0.018706896551724084 0.01745689655172411
06 0.6231249999999999 0.475 0.06624444444444444 0.047494444444444506
10 0.599375 0.33125 0.023738095238095225 0.027488095238095256
08 0.7975000000000001 0.6681250000000001 0.022492977528089875 0.043742977528089866
06 0.33625 0.77625 0.022499999999999964 0.07499509803921578
03 0.7887500000000001 0.39937500000000004 0.032456896551724124 0.031206896551724095
18 0.88125 0.0525 0.022478448275862206 0.024978448275862056
03 0.9025000000000001 0.21437499999999998 0.02738636363636371 0.06113636363636368
06 0.670625 0.846875 0.05373579545454532 0.06373579545454533
