08 0.808125 0.7112499999999999 0.013733552631578938 0.04998355263157894
15 0.05812500000000001 0.52 0.056241610738255045 0.04499161073825508
15 0.5425 0.5875 0.022456896551724115 0.024956896551724173
03 0.8775 0.87625 0.027494444444444377 0.017494444444444368
03 0.51875 0.805625 0.03998809523809521 0.016238095238095163
03 0.43374999999999997 0.31875 0.019992977528089872 0.02999297752808988
03 0.830625 0.73 0.021245098039215704 0.014995098039215726
03 0.504375 0.2975 0.028706896551724148 0.024956896551724117
05 0.40875 0.594375 0.0274784482758621 0.028728448275862073
03 0.1225 0.205625 0.07238636363636364 0.10613636363636367
06 0.09875 0.5193749999999999 0.049985795454545456 0.033735795454545525
