12 0.525 0.21687499999999998 0.03498355263157893 0.036233552631578986
01 0.5137499999999999 0.411875 0.01999161073825506 0.018741610738255032
06 0.9375 0.481875 0.02745689655172412 0.09370689655172415
18 0.5137499999999999 0.3725 0.022494444444444484 0.02499444444444454
01 0.70625 0.97375 0.034988095238095096 0.027488095238095145
01 0.935 0.7518750000000001 0.019992977528089928 0.0212429775280899
15 0.25687499999999996 0.095625 0.061245098039215684 0.03624509803921569
03 0.204375 0.84625 0.023706896551724144 0.06245689655172415
03 0.47625 0.506875 0.029978448275862046 0.058728448275862044
14 0.300625 0.7275 0.018636363636363673 0.02738636363636371
15 0.4668785511363637 0.306875 0.04874289772727275 0.02373579545454546
01 0.475625 0.41375 0.03121951219512198 0.024969512195122
