11 0.6675 0.5175000000000001 0.02498355263157892 0.022483552631578863
01 0.405625 0.9199999999999999 0.018741610738255032 0.01999161073825484
04 0.36812500000000004 0.63 0.023706896551724144 0.024956896551724173
20 0.8425 0.99125 0.01499444444444431 0.012494444444444364
01 0.58375 0.34562499999999996 0.024988095238095198 0.018738095238095276
03 0.8674999999999999 0.76625 0.02499297752808982 0.0474929775280899
18 0.108125 0.025625000000000002 0.0162450980392157 0.018745098039215688
08 0.353125 0.213125 0.08120689655172414 0.031206896551724123
10 0.5575 0.799375 0.0274784482758621 0.026228448275862237
14 0.6799999999999999 0.78125 0.04488636363636378 0.02738636363636382
03 0.39875 0.566875 0.04498579545454551 0.03873579545454553
14 0.1825 0.46562499999999996 0.03496951219512198 0.028719512195121977
03 0.56125 0.8525 0.014982142857142833 0.014982142857142833
10 0.378125 0.901875 0.02123750000000002 0.016237500000000016
