08 0.755 0.92875 0.03248355263157898 0.022483552631578863
14 0.81 0.56375 0.032491610738254906 0.04749161073825503
12 0.4525 0.635625 0.04995689655172414 0.05120689655172406
03 0.816875 0.81375 0.026244444444444293 0.10749444444444434
13 0.64625 0.6425000000000001 0.04998809523809522 0.0824880952380952
06 0.20124999999999998 0.9550000000000001 0.10499297752808986 0.06499297752808986
01 0.71875 0.9437500000000001 0.02249509803921579 0.022495098039215677
03 0.670625 0.0925 0.02120689655172414 0.03995689655172413
05 0.19874999999999998 0.650625 0.029978448275862074 0.04122844827586214
08 0.9325 0.763096590909091 0.05988636363636379 0.026193181818181865
11 0.571875 0.889375 0.041235795454545476 0.026235795454545352
03 0.2025 0.91 0.037469512195121984 0.05246951219512197
