03 0.895625 0.04875 0.09123355263157884 0.014983552631578953
05 0.375 0.22625 0.024991610738255066 0.032491610738255045
20 0.0875 0.325625 0.027456896551724147 0.026206896551724146
05 0.6087486111111111 0.16874999999999998 0.019997222222222222 0.027494444444444432
10 0.5956250000000001 0.12312500000000001 0.02873809523809523 0.021238095238095236
20 0.271875 0.374375 0.02624297752808985 0.021242977528089846
06 0.66875 0.775 0.022495098039215677 0.014995098039215726
03 0.930625 0.32437499999999997 0.036206896551724155 0.031206896551724095
19 0.336875 0.760625 0.028728448275862073 0.04122844827586225
06 0.235625 0.668125 0.021136363636363675 0.053636363636363704
01 0.745625 0.61625 0.016235795454545343 0.012485795454545534
06 0.75 0.83125 0.014969512195121881 0.07246951219512199
02 0.18625 0.811875 0.03498214285714285 0.026232142857142815
