10 0.450625 0.306875 0.018733552631578942 0.021233552631579
01 0.9325 0.990625 0.012491610738254888 0.011241610738254915
06 0.041874999999999996 0.6968749999999999 0.053706896551724136 0.07370689655172413
02 0.7706249999999999 0.6343749999999999 0.02874444444444435 0.023744444444444457
04 0.93375 0.861875 0.02998809523809509 0.02623809523809506
03 0.18625 0.315625 0.024992977528089877 0.028742977528089853
11 0.07250000000000001 0.404375 0.0324950980392157 0.031245098039215713
03 0.9256249999999999 0.9325 0.07370689655172413 0.03745689655172413
03 0.47750000000000004 0.315 0.007478448275862026 0.01747844827586209
03 0.8625 0.77125 0.019886363636363757 0.019886363636363757
09 0.3025 0.745625 0.017485795454545483 0.031235795454545356
