11 0.7693749999999999 0.53375 0.02123355263157889 0.019983552631578916
20 0.903125 0.19375 0.01624161073825492 0.014991610738255057
01 0.7106250000000001 0.6018749999999999 0.018706896551724195 0.026206896551724035
15 0.90125 0.8674999999999999 0.009994444444444417 0.014994444444444421
12 0.265625 0.28812499999999996 0.023738095238095225 0.03123809523809523
13 0.818125 0.62625 0.05124297752808982 0.019992977528089817
11 0.395625 0.62625 0.02374509803921565 0.024995098039215735
09 0.491875 0.38 0.018706896551724195 0.019956896551724168
01 0.58875 0.200625 0.012478448275861975 0.01372844827586206
03 0.6425000000000001 0.6368750000000001 0.02488636363636365 0.028636363636363682
18 0.603125 0.6399999999999999 0.01123579545454545 0.01498579545454548
03 0.81375 0.903125 0.009969512195121988 0.018719512195121912
18 0.23062500000000002 0.021875 0.01123214285714283 0.013732142857142856
