03 0.901875 0.55125 0.07873355263157888 0.14998355263157892
10 0.313125 0.095625 0.02874161073825504 0.02874161073825504
15 0.4075 0.145625 0.03745689655172413 0.05620689655172413
06 0.01625 0.52 0.027494444444444443 0.01749444444444448
14 0.6875 0.5349999999999999 0.05748809523809517 0.06998809523809524
14 0.959375 0.055 0.016242977528089897 0.029992977528089895
16 0.416875 0.58375 0.046245098039215726 0.042495098039215695
04 0.92625 0.361875 0.039956896551724075 0.026206896551724146
06 0.24875000000000003 0.5843696120689654 0.09247844827586207 0.07123922413793105
00 0.63625 0.721875 0.03488636363636377 0.03113636363636374
16 0.3925 0.39375 0.05248579545454546 0.0349857954545455
