20 0.450625 0.35625 0.018733552631578942 0.019983552631578916
03 0.903125 0.55 0.038741610738254884 0.02999161073825507
03 0.36375 0.025 0.014956896551724108 0.04495689655172414
16 0.6012500000000001 0.811875 0.039994444444444555 0.026244444444444293
18 0.551875 0.953125 0.021238095238095278 0.023738095238095225
14 0.5606249999999999 0.349375 0.0212429775280899 0.01624297752808984
03 0.600625 0.320625 0.02374509803921565 0.031245098039215713
04 0.7281249999999999 0.41812499999999997 0.023706896551724088 0.021206896551724086
14 0.816875 0.254375 0.021228448275862233 0.048728448275862035
18 0.31 0.073125 0.0173863636363637 0.01863636363636363
12 0.188125 0.36375 0.03373579545454544 0.03998579545454545
02 0.736875 0.09 0.03621951219512198 0.03746951219512194
01 0.28500000000000003 0.025625000000000002 0.02248214285714284 0.018732142857142853
