03 0.343125 0.15500000000000003 0.028733552631578896 0.019983552631578944
04 0.2125 0.22062500000000002 0.014991610738255057 0.013741610738255056
14 0.9850000000000001 0.031875 0.012456896551724106 0.026206896551724142
13 0.36375 0.046875 0.0374944444444445 0.02124444444444444
14 0.073125 0.34562499999999996 0.02623809523809524 0.028738095238095285
04 0.805625 0.75375 0.018742977528089844 0.019992977528089817
04 0.536875 0.063125 0.0162450980392157 0.013745098039215697
08 0.525625 0.8612500000000001 0.008706896551724075 0.029956896551724177
07 0.20500538793103448 0.704375 0.02248922413793103 0.018728448275862175
03 0.35375 0.07125000000000001 0.022386363636363593 0.02738636363636364
07 0.178125 0.06875 0.026235795454545463 0.049985795454545456
20 0.16000000000000003 0.733125 0.012469512195121962 0.011219512195121961
