03 0.7106250000000001 0.9199958881578947 0.02873355263157895 0.017491776315789465
20 0.23062500000000002 0.373125 0.011241610738255053 0.011241610738255026
06 0.7943857758620689 0.05498922413793104 0.053728448275862095 0.04247844827586207
04 0.019375 0.491875 0.023744444444444443 0.023744444444444457
08 0.07625 0.514375 0.022488095238095224 0.041238095238095296
08 0.06125 0.829375 0.014992977528089889 0.018742977528089844
06 0.2975 0.925 0.0449950980392157 0.052495098039215704
15 0.6112500000000001 0.16999999999999998 0.014956896551724053 0.009956896551724131
14 0.265 0.66625 0.012478448275862086 0.022478448275862206
10 0.435 0.586875 0.014886363636363642 0.013636363636363558
03 0.8912464488636364 0.6074999999999999 0.024992897727272645 0.02498579545454549
03 0.24624999999999997 0.15687500000000001 0.014969512195121965 0.018719512195121968
