05 0.22062500000000002 0.115625 0.021233552631578972 0.04373355263157892
13 0.18625 0.29 0.08249161073825506 0.08249161073825503
03 0.195 0.26125 0.03995689655172413 0.032456896551724096
03 0.89625 0.30875 0.022494444444444373 0.03499444444444444
13 0.484375 0.6456249999999999 0.08623809523809522 0.08373809523809517
09 0.45625 0.569375 0.02499297752808982 0.028742977528089853
05 0.76625 0.48750000000000004 0.02999509803921563 0.019995098039215675
09 0.6599999999999999 0.04375 0.05245689655172414 0.03245689655172414
03 0.828125 0.305 0.046228448275862144 0.029978448275862046
03 0.839375 0.0575 0.04613636363636375 0.02738636363636364
16 0.403125 0.73375 0.03623579545454547 0.03998579545454528
20 0.6575 0.7749999999999999 0.019969512195121997 0.014969512195121992
12 0.6837500000000001 0.90625 0.03248214285714279 0.0374821428571428
06 0.6799999999999999 0.46625 0.06998749999999998 0.06998749999999998
