14 0.65625 0.955625 0.04248355263157899 0.04123355263157891
03 0.47562499999999996 0.13 0.023741610738255037 0.08249161073825506
10 0.28625 0.98625 0.034956896551724126 0.02745689655172412
09 0.48125 0.940625 0.027494444444444488 0.05374444444444437
06 0.924375 0.60875 0.02623809523809506 0.03498809523809521
03 0.40812499999999996 0.51125 0.09374297752808985 0.05749297752808985
03 0.578125 0.176875 0.04374509803921578 0.03874509803921569
15 0.5725 0.9625 0.022456896551724115 0.04495689655172419
14 0.366875 0.42375 0.028728448275862073 0.04497844827586206
13 0.3006534090909091 0.135 0.09619318181818182 0.08488636363636365
20 0.8556250000000001 0.924375 0.023735795454545294 0.016235795454545232
