04 0.393125 0.47 0.02873355263157895 0.02998355263157887
03 0.975625 0.408125 0.031241610738254932 0.04624161073825506
03 0.661875 0.585 0.028706896551724093 0.04245689655172413
13 0.2675 0.596875 0.10499444444444442 0.03124444444444452
14 0.5900000000000001 0.43125 0.03498809523809532 0.022488095238095307
20 0.7625 0.586875 0.019992977528089928 0.01374297752808984
20 0.3725 0.96625 0.022495098039215677 0.017495098039215784
03 0.799375 0.42000000000000004 0.023706896551724088 0.024956896551724117
03 0.385625 0.576875 0.043728448275862086 0.03872844827586208
03 0.057499999999999996 0.08124999999999999 0.03238636363636363 0.024886363636363637
15 0.920625 0.953125 0.016235795454545343 0.013735795454545396
