00 0.596875 0.308125 0.02873355263157895 0.026233552631578894
03 0.21875 0.6143749999999999 0.04499161073825503 0.04124161073825505
08 0.79 0.939375 0.05245689655172414 0.0387068965517241
10 0.22750138888888888 0.870625 0.0274972222222222 0.0212444444444444
02 0.2275 0.104375 0.04498809523809527 0.02873809523809523
06 0.95 0.15562499999999999 0.02499297752808982 0.10874297752808987
14 0.395625 0.2225 0.06374509803921569 0.027495098039215682
18 0.801875 0.68625 0.0237068965517242 0.02745689655172412
11 0.351875 0.67625 0.03372844827586208 0.02997844827586227
03 0.633125 0.784375 0.043636363636363695 0.07613636363636378
13 0.72375 0.130625 0.07248579545454525 0.033735795454545456
03 0.819375 0.5175 0.04871951219512194 0.052469512195121915
00 0.081875 0.410625 0.038732142857142854 0.03373214285714282
