18 0.581875 0.049375 0.013733552631578938 0.016233552631578954
08 0.49750000000000005 0.5375 0.027491610738255068 0.01249161073825511
06 0.18 0.04000000000000001 0.04995689655172414 0.029956896551724142
03 0.37812500000000004 0.021875 0.013744444444444504 0.016244444444444443
08 0.61 0.015 0.007488095238095349 0.009988095238095239
07 0.571875 0.200625 0.02124297752808979 0.01624297752808984
03 0.766875 0.958125 0.02624509803921571 0.013745098039215753
01 0.875625 0.127489224137931 0.008706896551724075 0.009978448275862056
03 0.328125 0.6212500000000001 0.02372844827586207 0.014978448275862033
18 0.659375 0.421875 0.008636363636363664 0.011136363636363611
03 0.32875 0.78125 0.022485795454545487 0.02498579545454538
11 0.124375 0.56375 0.021219512195121942 0.01746951219512194
