14 0.9299999999999999 0.9862500000000001 0.04498355263157883 0.022483552631578863
03 0.050624999999999996 0.86875 0.056241610738255024 0.042491610738254915
11 0.230625 0.8731249999999999 0.041206896551724104 0.03120689655172415
14 0.846875 0.203125 0.01874444444444434 0.031244444444444408
03 0.8525 0.6000000000000001 0.08748809523809509 0.0149880952380953
03 0.186875 0.651875 0.01624297752808987 0.036242977528089915
03 0.11062622549019607 0.9781249999999999 0.021247549019607848 0.03374509803921566
10 0.846875 0.1925 0.023706896551724088 0.01745689655172411
05 0.483125 0.2875 0.02622844827586207 0.04747844827586206
03 0.759375 0.079375 0.05113636363636376 0.05363636363636363
13 0.270625 0.128125 0.13123579545454547 0.02873579545454545
03 0.174375 0.9512499999999999 0.03371951219512195 0.03746951219512196
03 0.499375 0.199375 0.05123214285714278 0.04623214285714283
