15 0.669375 0.838125 0.0362335526315789 0.06873355263157888
20 0.534375 0.08687500000000001 0.028741610738255097 0.021241610738255035
01 0.14375 0.026875000000000003 0.04495689655172412 0.03620689655172414
03 0.745625 0.77 0.2137444444444444 0.1149944444444444
12 0.415 0.179375 0.04248809523809527 0.04873809523809525
20 0.72375 0.11499999999999999 0.03499297752808994 0.03499297752808987
06 0.9312499999999999 0.3175 0.06249509803921571 0.1574950980392157
03 0.525 0.085625 0.03495689655172418 0.031206896551724136
07 0.919375 0.37687499999999996 0.04372844827586231 0.058728448275862044
14 0.805625 0.10875000000000001 0.05113636363636376 0.05988636363636364
