09 0.9650000000000001 0.54 0.012483552631578854 0.03498355263157893
03 0.036250000000000004 0.7737499999999999 0.012491610738255034 0.014991610738254946
10 0.111875 0.25875 0.02370689655172413 0.01995689655172414
14 0.9125000000000001 0.510625 0.037494444444444386 0.02874444444444446
04 0.72125 0.615 0.027488095238095034 0.017488095238095358
11 0.0775 0.30937499999999996 0.024992977528089877 0.01624297752808984
06 0.793125 0.711875 0.0162450980392157 0.03374509803921566
00 0.9181250000000001 0.333125 0.023706896551724088 0.023706896551724088
11 0.87625 0.825 0.029978448275862157 0.03497844827586227
10 0.865 0.561875 0.022386363636363704 0.018636363636363562
14 0.89375 0.861875 0.02248579545454532 0.04373579545454531
04 0.9068750000000001 0.29000000000000004 0.026219512195121975 0.027469512195122003
03 0.08875 0.023125 0.022482142857142853 0.016232142857142858
06 0.021875000000000002 0.35125 0.026237500000000004 0.027487499999999998
