08 0.390625 0.006870888157894737 0.008733552631578934 0.013741776315789473
01 0.013749999999999998 0.036875 0.014991610738255032 0.016241610738255027
14 0.770625 0.50375 0.04370689655172422 0.017456896551724166
07 0.5218736111111111 0.765625 0.021247222222222306 0.023744444444444346
03 0.046875 0.5706249999999999 0.016238095238095232 0.03623809523809529
14 0.888125 0.905625 0.028742977528089853 0.02124297752808979
11 0.36312500000000003 0.628125 0.02124509803921565 0.0162450980392157
18 0.536875 0.669375 0.018706896551724084 0.02120689655172414
06 0.913125 0.4175 0.02372844827586218 0.0874784482758621
03 0.18937500000000002 0.2925 0.018636363636363645 0.02238636363636365
14 0.8118749999999999 0.6000000000000001 0.0337357954545453 0.027485795454545436
14 0.66125 0.48624999999999996 0.01746951219512205 0.017469512195121994
03 0.304375 0.06 0.018732142857142864 0.017482142857142856
