20 0.854375 0.9525 0.0362335526315789 0.02498355263157892
12 0.655 0.725625 0.04499161073825497 0.06874161073825491
18 0.6956249999999999 0.65 0.026206896551724035 0.029956896551724066
06 0.311875 0.92 0.01624444444444445 0.04499444444444434
06 0.598125 0.7268749999999999 0.013738095238095216 0.03373809523809512
02 0.810625 0.0975 0.04874297752808987 0.05499297752808989
20 0.879375 0.07750000000000001 0.03374509803921566 0.02249509803921569
03 0.63375 0.029375 0.04245689655172413 0.021206896551724138
06 0.25875000000000004 0.06062499999999999 0.062478448275862075 0.10122844827586205
14 0.8262499999999999 0.22249999999999998 0.06988636363636369 0.07488636363636367
05 0.20375 0.03 0.027485795454545464 0.05748579545454545
