14 0.7106250000000001 0.8143750000000001 0.03873355263157896 0.031233552631578898
12 0.069375 0.708125 0.06374161073825504 0.04374161073825489
15 0.660625 0.150625 0.016206896551724137 0.031206896551724123
10 0.28875 0.150625 0.029994444444444435 0.031244444444444436
03 0.171875 0.1775 0.021238095238095278 0.02498809523809528
03 0.034375 0.68625 0.01874297752808989 0.0524929775280899
12 0.56 0.9181250000000001 0.03999509803921575 0.06124509803921574
14 0.43875 0.44999999999999996 0.03745689655172413 0.08745689655172412
08 0.326875 0.5387446120689655 0.04622844827586209 0.03498922413793104
08 0.68125 0.5081249999999999 0.05488636363636368 0.03613636363636358
03 0.940625 0.57875 0.058735795454545325 0.044985795454545396
03 0.0875 0.28625 0.024969512195121946 0.014969512195121992
