08 0.799375 0.035 0.043733552631578854 0.029983552631578952
03 0.6775 0.5687500000000001 0.012491610738254888 0.022491610738255008
03 0.59125 0.22375 0.01745689655172422 0.024956896551724117
01 0.041874999999999996 0.6212500000000001 0.02874444444444444 0.029994444444444546
18 0.61625 0.94375 0.0149880952380953 0.017488095238095136
12 0.583125 0.34187500000000004 0.028742977528089853 0.031242977528089855
04 0.07125000000000001 0.946875 0.02249509803921569 0.018745098039215646
02 0.22625 0.175 0.01995689655172414 0.05745689655172412
18 0.793125 0.9593750000000001 0.01372844827586217 0.01622844827586223
03 0.7737499999999999 0.154375 0.047386363636363726 0.03613636363636363
