18 0.7581249999999999 0.333125 0.018733552631578942 0.02123355263157889
12 0.6018749999999999 0.43 0.02374161073825498 0.027491610738255012
10 0.495 0.604375 0.024956896551724173 0.026206896551724146
04 0.2625 0.59875 0.027494444444444405 0.02499444444444454
11 0.2925 0.5543750000000001 0.027488095238095256 0.026238095238095283
07 0.84125 0.6950000000000001 0.09249297752808994 0.05499297752808985
18 0.5918749999999999 0.8200000000000001 0.021245098039215704 0.022495098039215677
20 0.936875 0.41500000000000004 0.018706896551724084 0.019956896551724113
03 0.72375 0.686875 0.032478448275862215 0.018728448275862286
03 0.393125 0.411875 0.033636363636363575 0.033636363636363575
18 0.28625 0.11125 0.017485795454545427 0.019985795454545457
