04 0.101875 0.495625 0.03123355263157894 0.02873355263157884
03 0.961875 0.02375 0.04374161073825489 0.029991610738255032
03 0.74 0.75625 0.04245689655172413 0.039956896551724075
10 0.236875 0.860625 0.016244444444444422 0.01874444444444434
01 0.7112499999999999 0.66 0.014988095238095078 0.017488095238095136
12 0.800625 0.8556250000000001 0.028742977528089853 0.03374297752808986
02 0.345625 0.6156250000000001 0.021245098039215704 0.03374509803921566
08 0.39625 0.23625000000000002 0.044956896551724135 0.037456896551724156
03 0.07875 0.22375 0.022478448275862067 0.06997844827586208
14 0.334375 0.8631249999999999 0.021136363636363564 0.036136363636363744
03 0.6825 0.41875 0.019985795454545263 0.01498579545454548
03 0.6275 0.873125 0.05496951219512203 0.09371951219512198
08 0.38312500000000005 0.7481249999999999 0.03373214285714282 0.023732142857142757
