11 0.644375 0.758125 0.026233552631578894 0.026233552631578894
00 0.5774999999999999 0.681875 0.02999161073825507 0.031241610738254932
03 0.856875 0.963125 0.026206896551724035 0.02120689655172414
20 0.443125 0.799375 0.011244444444444501 0.008744444444444333
03 0.446875 0.136875 0.018738095238095276 0.03873809523809524
03 0.09375 0.920625 0.024992977528089877 0.0312429775280898
05 0.083125 0.25875000000000004 0.03374509803921569 0.01749509803921573
06 0.521875 0.34687500000000004 0.06870689655172413 0.01870689655172414
02 0.280625 0.088125 0.028728448275862073 0.021228448275862066
05 0.104375 0.21437499999999998 0.013636363636363627 0.03613636363636366
