15 0.6599999999999999 0.18375 0.05998355263157895 0.034983552631578985
03 0.5818749999999999 0.330625 0.07124161073825508 0.06124161073825507
18 0.496875 0.81 0.03120689655172415 0.03495689655172407
03 0.03937500000000001 0.2475 0.06624444444444445 0.027494444444444405
18 0.82375 0.34375 0.034988095238095096 0.037488095238095265
18 0.088125 0.90125 0.033742977528089885 0.03749297752808989
12 0.479375 0.0875 0.05374509803921573 0.0774950980392157
03 0.525 0.803125 0.07995689655172417 0.11120689655172411
04 0.90875 0.10062499999999999 0.059978448275862184 0.04372844827586207
12 0.374375 0.535 0.08113636363636362 0.07238636363636358
03 0.104375 0.17375000000000002 0.07873579545454545 0.04248579545454548
14 0.6312500000000001 0.6275 0.087469512195122 0.047469512195121966
12 0.4775 0.8731249999999999 0.12498214285714282 0.053732142857142784
03 0.458125 0.38375 0.023737499999999967 0.0949875
