02 0.31562499999999993 0.13875 0.01623355263157894 0.03248355263157894
03 0.3906229026845638 0.869375 0.02374580536912757 0.01624161073825492
18 0.47625 0.559375 0.012456896551724106 0.016206896551724137
18 0.6625 0.10625000000000001 0.01499444444444431 0.017494444444444465
03 0.45125000000000004 0.92625 0.01998809523809525 0.017488095238095136
19 0.919375 0.70375 0.018742977528089955 0.03249297752808977
04 0.141875 0.458125 0.021245098039215704 0.021245098039215704
01 0.3675 0.356875 0.012456896551724106 0.011206896551724133
18 0.480625 0.635625 0.01372844827586206 0.016228448275862117
10 0.575 0.7675000000000001 0.022386363636363593 0.014886363636363753
04 0.256875 0.176875 0.021235795454545486 0.018735795454545456
09 0.270625 0.365 0.018719512195122023 0.029969512195122006
