17 0.41875411184210526 0.468125 0.03999177631578943 0.0337335526315789
15 0.594375 0.34750000000000003 0.02624161073825504 0.04249161073825508
07 0.638125 0.94125 0.04870689655172422 0.014956896551724164
12 0.1275 0.641875 0.05749444444444446 0.05374444444444437
03 0.48375 0.184375 0.04748809523809522 0.023738095238095253
03 0.22 0.94875 0.07249297752808986 0.03499297752808983
20 0.9550000000000001 0.019375 0.032495098039215686 0.026245098039215688
03 0.327510775862069 0.21375 0.027478448275862044 0.03745689655172413
03 0.72875 0.485 0.0174784482758622 0.034978448275862106
06 0.685625 0.7875 0.11113636363636359 0.0698863636363638
00 0.433125 0.766875 0.04373579545454548 0.04623579545454537
20 0.5662499999999999 0.174375 0.04496951219512202 0.03121951219512195
13 0.22499999999999998 0.821875 0.037482142857142825 0.0687321428571428
03 0.563125 0.693125 0.04123750000000004 0.03123750000000003
