13 0.12687500000000002 0.051875 0.06123355263157895 0.06623355263157894
18 0.7281249999999999 0.325625 0.018741610738254866 0.021241610738255035
02 0.425 0.701875 0.0699568965517241 0.0387068965517241
18 0.48124999999999996 0.746875 0.01999444444444448 0.023744444444444346
10 0.19125 0.38687499999999997 0.024988095238095254 0.018738095238095276
11 0.25687499999999996 0.970625 0.031242977528089855 0.028742977528089853
00 0.31437499999999996 0.7175 0.02874509803921571 0.022495098039215677
03 0.765 0.79125 0.019956896551724057 0.04745689655172414
19 0.7537499999999999 0.8574999999999999 0.02747844827586221 0.03747844827586222
18 0.39937500000000004 0.5193749999999999 0.018636363636363618 0.02113636363636362
