04 0.176875 0.5349999999999999 0.026233552631578977 0.022483552631578863
04 0.536875 0.30937499999999996 0.031241610738255043 0.02874161073825504
14 0.724375 0.743125 0.03120689655172404 0.036206896551724155
02 0.651875 0.43125 0.051244444444444426 0.04999444444444451
13 0.14875 0.735625 0.047488095238095246 0.06123809523809509
10 0.8025 0.056875 0.024992977528089932 0.018742977528089885
02 0.6887512254901961 0.025625 0.032497549019607774 0.046245098039215685
18 0.31875 0.7025 0.02245689655172417 0.024956896551724173
07 0.30937499999999996 0.365 0.03622844827586208 0.022478448275862095
06 0.2224715909090909 0.30062500000000003 0.022443181818181834 0.10113636363636364
13 0.696875 0.94 0.08873579545454535 0.06998579545454542
