12 0.5331250000000001 0.625 0.023733552631578836 0.029983552631578814
11 0.236875 0.29312499999999997 0.023741610738255037 0.02124161073825509
03 0.63625 0.416875 0.00995689655172416 0.02120689655172414
13 0.8225 0.8943749999999999 0.07249444444444442 0.04874444444444437
14 0.7718750000000001 0.213125 0.013738095238095105 0.036238095238095264
08 0.7262500000000001 0.8374999999999999 0.019992977528089928 0.012492977528089866
03 0.251875 0.455 0.011245098039215695 0.032495098039215686
11 0.836875 0.70875 0.023706896551724088 0.01745689655172411
14 0.905 0.271875 0.012478448275862197 0.01372844827586206
12 0.20124999999999998 0.34187500000000004 0.029886363636363683 0.031136363636363573
01 0.8318749999999999 0.29312499999999997 0.011235795454545339 0.011235795454545505
15 0.844375 0.076875 0.028719512195122032 0.023719512195121945
02 0.48875446428571434 0.663125 0.029991071428571436 0.02373214285714287
09 0.7625 0.221875 0.022487499999999994 0.013737500000000014
