06 0.6643749999999999 0.15687500000000001 0.023733552631578836 0.031233552631578954
11 0.6425 0.25687499999999996 0.034991610738255075 0.02874161073825504
04 0.49062500000000003 0.68125 0.04120689655172416 0.02745689655172412
09 0.028749999999999998 0.728125 0.04499444444444444 0.04624444444444431
10 0.29125 0.921875 0.04498809523809527 0.04373809523809502
14 0.520625 0.7475 0.0312429775280898 0.04499297752808984
08 0.6925 0.0875 0.05749509803921571 0.017495098039215687
02 0.7987500000000001 0.2225 0.08245689655172417 0.02995689655172412
13 0.48187500000000005 0.44937499999999997 0.05122844827586209 0.03622844827586208
03 0.17 0.5393465909090909 0.06738636363636363 0.018693181818181803
04 0.03375 0.26937500000000003 0.032485795454545455 0.021235795454545514
03 0.14125 0.739375 0.032469512195121925 0.018719512195122023
