03 0.38312500000000005 0.714375 0.038733552631578905 0.06373355263157887
14 0.279375 0.286875 0.03624161073825505 0.021241610738255035
03 0.72125 0.233125 0.03745689655172413 0.01870689655172414
08 0.21 0.513125 0.014994444444444421 0.05124444444444454
14 0.3775 0.9225 0.02248809523809525 0.062488095238095065
03 0.680625 0.296875 0.018742977528089844 0.023742977528089848
00 0.33187500000000003 0.23249999999999998 0.02874509803921571 0.029995098039215712
10 0.35 0.471875 0.03745689655172413 0.026206896551724146
13 0.6950000000000001 0.544375 0.11747844827586218 0.043728448275862086
20 0.693125 0.6637500000000001 0.016136363636363726 0.014886363636363753
01 0.205625 0.8175 0.026235795454545463 0.027485795454545325
10 0.963125 0.958125 0.028719512195122032 0.023719512195121917
02 0.47750000000000004 0.1875 0.034982142857142795 0.06498214285714285
13 0.330625 0.46375 0.05123750000000005 0.12248750000000003
