08 0.27875 0.588125 0.052483552631579 0.04123355263157891
20 0.060625 0.108125 0.03624161073825502 0.02624161073825504
08 0.380625 0.6481250000000001 0.06370689655172412 0.026206896551724035
09 0.5387500000000001 0.44937499999999997 0.0424944444444445 0.04374444444444453
15 0.855 0.474375 0.06498809523809512 0.03623809523809529
12 0.258125 0.13624999999999998 0.07124297752808983 0.07499297752808987
15 0.936875 0.725625 0.0162450980392157 0.02624509803921571
16 0.6375 0.8200000000000001 0.04745689655172414 0.049956896551724195
07 0.80375 0.89 0.049978448275862175 0.024978448275862153
20 0.16875 0.458125 0.019886363636363646 0.013636363636363558
08 0.306875 0.358125 0.08623579545454546 0.021235795454545514
15 0.528125 0.375625 0.02121951219512197 0.02121951219512197
20 0.8612500000000001 0.5643750000000001 0.029982142857142846 0.02123214285714281
