11 0.1625 0.9299999999999999 0.04498355263157894 0.047483552631578996
20 0.869375 0.9550000000000001 0.018741610738254977 0.017491610738254892
20 0.7224999999999999 0.36875 0.019956896551724168 0.019956896551724113
18 0.489375 0.823125 0.02874444444444446 0.031244444444444408
04 0.32437499999999997 0.41812499999999997 0.046238095238095245 0.03123809523809523
02 0.13187500000000002 0.279375 0.0537429775280899 0.10624297752808984
03 0.45625 0.600625 0.06999509803921566 0.03374509803921566
03 0.706885775862069 0.90375 0.05872844827586199 0.057456896551724035
17 0.59 0.186875 0.049978448275862064 0.051228448275862065
02 0.6312500000000001 0.05125 0.0798863636363637 0.04488636363636363
06 0.47374644886363637 0.255 0.05499289772727273 0.12748579545454544
03 0.18 0.956875 0.027469512195121976 0.06371951219512195
