11 0.40625 0.11 0.02498355263157892 0.019983552631578944
03 0.376875 0.725625 0.031241610738255043 0.04374161073825489
14 0.071875 0.23375 0.046206896551724136 0.03745689655172413
07 0.5349999999999999 0.505 0.009994444444444528 0.02249444444444454
04 0.598125 0.55875 0.021238095238095278 0.02248809523809525
17 0.714375 0.7068749999999999 0.016242977528089897 0.0212429775280899
11 0.5725 0.179375 0.022495098039215677 0.018745098039215702
13 0.070625 0.37687499999999996 0.023706896551724137 0.06120689655172412
17 0.19124999999999998 0.813125 0.019978448275862065 0.021228448275862233
03 0.37625 0.04625 0.009886363636363582 0.01738636363636363
08 0.9781249999999999 0.94 0.013735795454545285 0.027485795454545325
06 0.8031250000000001 0.869375 0.04871951219512194 0.013719512195121908
03 0.825 0.574375 0.014982142857142833 0.01373214285714286
