01 0.42 0.844375 0.02498355263157892 0.01873355263157883
03 0.850625 0.140625 0.04124161073825494 0.04874161073825506
08 0.466875 0.79375 0.016206896551724137 0.022456896551724115
03 0.10250000000000001 0.38875 0.014994444444444463 0.012494444444444475
17 0.7375 0.763125 0.024988095238095087 0.02873809523809523
01 0.265625 0.8187500000000001 0.01374297752808984 0.012492977528089866
02 0.77625 0.39875 0.024995098039215735 0.042495098039215695
03 0.07125 0.651875 0.022456896551724136 0.028706896551724093
03 0.655 0.1325 0.03747844827586211 0.017478448275862063
11 0.06875 0.9725 0.024886363636363637 0.019886363636363757
