18 0.348125 0.270625 0.016233552631578885 0.018733552631578942
17 0.395625 0.175625 0.023741610738255092 0.02624161073825504
18 0.31375 0.14875 0.019956896551724113 0.022456896551724115
03 0.94 0.6437499999999999 0.017494444444444368 0.04999444444444445
06 0.8531279761904762 0.8674999999999999 0.031244047619047532 0.054988095238095114
20 0.70375 0.40437500000000004 0.01749297752808987 0.01624297752808984
13 0.6737500000000001 0.890625 0.10749509803921564 0.0162450980392157
10 0.44625000000000004 0.38687499999999997 0.024956896551724117 0.028706896551724148
06 0.849375 0.555625 0.03372844827586219 0.043728448275862086
01 0.8500000000000001 0.446875 0.02738636363636371 0.021136363636363564
