03 0.2125 0.621875 0.01748355263157897 0.031233552631578898
03 0.34375 0.3275 0.07249161073825505 0.03249161073825507
04 0.44125000000000003 0.2925 0.02245689655172417 0.02995689655172412
03 0.1525 0.061875 0.027494444444444432 0.03624444444444444
10 0.9456249999999999 0.509375 0.02623809523809506 0.01873809523809533
03 0.864375 0.88 0.043742977528089755 0.01749297752808987
03 0.31062500000000004 0.68125 0.03874509803921572 0.02999509803921563
12 0.44625000000000004 0.111875 0.034956896551724126 0.06120689655172412
08 0.59 0.416875 0.009978448275862029 0.02622844827586207
15 0.4375 0.594375 0.019886363636363646 0.016136363636363615
20 0.7206250000000001 0.2125 0.021235795454545348 0.01498579545454548
14 0.401875 0.025 0.028719512195121977 0.02246951219512195
02 0.591875 0.301875 0.05623214285714284 0.026232142857142815
02 0.817503125 0.72125 0.07249375000000002 0.06248749999999992
