20 0.485 0.8375 0.017483552631578914 0.017483552631578858
03 0.469375 0.148125 0.02874161073825504 0.04124161073825505
10 0.798125 0.875625 0.02120689655172414 0.018706896551724084
14 0.954375 0.0925 0.0362444444444443 0.024994444444444458
08 0.92875 0.844375 0.027488095238095145 0.03873809523809513
07 0.26375 0.58875 0.039992977528089835 0.029992977528089826
10 0.546875 0.89 0.028745098039215655 0.02999509803921563
04 0.585 0.27625 0.032456896551724124 0.022456896551724115
10 0.944375 0.299375 0.056228448275862264 0.05122844827586204
13 0.154375 0.5549999999999999 0.12113636363636365 0.054886363636363567
15 0.98625 0.524375 0.017485795454545316 0.026235795454545463
10 0.5125 0.7324999999999999 0.027469512195121948 0.027469512195121948
