08 0.26875 0.65875 0.042483552631578964 0.0624835526315789
04 0.155625 0.76375 0.03874161073825502 0.032491610738254906
02 0.44375 0.28875 0.034956896551724126 0.05245689655172414
06 0.038125 0.4875 0.026249999999999996 0.09499444444444449
17 0.326875 0.175625 0.0487380952380953 0.05123809523809525
08 0.17812675561797753 0.565 0.026246488764044923 0.03499297752808983
03 0.063125 0.6231249999999999 0.043745098039215696 0.09124509803921577
06 0.47750000000000004 0.5762499999999999 0.08995689655172417 0.019956896551724168
00 0.640625 0.281875 0.046228448275862144 0.03872844827586208
18 0.689375 0.354375 0.03113636363636374 0.033636363636363575
04 0.88375 0.42562500000000003 0.044985795454545285 0.03373579545454547
07 0.9287576219512195 0.2525 0.08248475609756101 0.029969512195122006
