15 0.629375 0.38687499999999997 0.0887335526315789 0.0337335526315789
12 0.17625 0.275625 0.07249161073825505 0.08624161073825504
03 0.33125 0.6699999999999999 0.04245689655172413 0.05495689655172409
04 0.5249999999999999 0.13374999999999998 0.06499444444444447 0.05999444444444445
09 0.1575 0.88375 0.07748809523809524 0.06748809523809507
03 0.863125 0.9081250000000001 0.04874297752808987 0.07874297752808979
20 0.3975 0.279375 0.0474950980392157 0.04874509803921567
07 0.08124999999999999 0.144375 0.07995689655172414 0.07120689655172413
08 0.13624999999999998 0.16375 0.06497844827586205 0.07497844827586206
18 0.249375 0.255625 0.04613636363636367 0.04613636363636364
11 0.885 0.6256249999999999 0.07498579545454531 0.03873579545454542
03 0.534375 0.3075 0.04871951219512194 0.12996951219512198
