11 0.125 0.4075 0.03498355263157893 0.03748355263157893
06 0.6375 0.14500000000000002 0.012491610738254888 0.044991610738255056
03 0.6925 0.73 0.04495689655172419 0.03745689655172413
04 0.12125 0.473125 0.042494444444444446 0.028744444444444517
03 0.685 0.77125 0.017488095238095025 0.03248809523809504
03 0.736875 0.9806250000000001 0.018742977528089955 0.0212429775280899
20 0.354375 0.443125 0.03624509803921572 0.031245098039215713
06 0.766864224137931 0.243125 0.018728448275862064 0.03870689655172416
03 0.043125 0.39625 0.03872844827586207 0.04747844827586206
03 0.93625 0.881875 0.03488636363636377 0.02113636363636373
06 0.28625 0.439375 0.04248579545454545 0.016235795454545454
04 0.474375 0.12937500000000002 0.03121951219512198 0.023719512195121945
