11 0.09312499999999999 0.9412499999999999 0.03123355263157894 0.029983552631578925
11 0.665625 0.09625 0.03374161073825488 0.024991610738255052
05 0.61875 0.365625 0.024956896551724173 0.03870689655172416
05 0.45625000000000004 0.6268750000000001 0.044994444444444504 0.023744444444444457
20 0.764375 0.22062500000000002 0.028738095238095118 0.02123809523809525
03 0.31 0.070625 0.022492977528089875 0.048742977528089884
13 0.565 0.855 0.07249509803921572 0.07749509803921573
02 0.29312499999999997 0.09562499999999999 0.021206896551724086 0.05620689655172413
04 0.278125 0.16562500000000002 0.03372844827586208 0.038728448275862054
06 0.64875 0.37375 0.009886363636363749 0.08238636363636359
15 0.816875 0.415625 0.0287357954545453 0.04373579545454548
04 0.4275 0.841875 0.029969512195122006 0.03121951219512198
03 0.815 0.804375 0.01748214285714289 0.036232142857142824
