01 0.734375 0.400625 0.026233552631578894 0.02373355263157889
03 0.5274979026845638 0.099375 0.019995805369127595 0.033741610738255046
03 0.14875 0.26 0.05745689655172413 0.019956896551724113
03 0.05687500000000001 0.899375 0.04874444444444446 0.021244444444444288
20 0.155625 0.701875 0.016238095238095246 0.013738095238095105
12 0.7731250000000001 0.389375 0.04874297752808976 0.038742977528089806
15 0.951875 0.7262500000000001 0.021245098039215704 0.017495098039215784
01 0.749375 0.02375 0.018706896551724084 0.017456896551724138
08 0.875 0.41437500000000005 0.01997844827586226 0.02622844827586207
06 0.608125 0.19 0.04113636363636364 0.09738636363636366
06 0.67875 0.688125 0.029985795454545383 0.01873579545454529
03 0.1575 0.37375 0.03996951219512196 0.01996951219512194
