07 0.25875000000000004 0.22125 0.06498355263157901 0.014983552631578967
08 0.561875 0.303125 0.01624161073825503 0.02624161073825504
08 0.353125 0.045000000000000005 0.031206896551724095 0.039956896551724144
20 0.7475 0.75 0.017494444444444368 0.019994444444444426
20 0.09812499999999999 0.624375 0.021238095238095236 0.013738095238095216
08 0.920625 0.26937500000000003 0.028742977528089853 0.03624297752808986
06 0.42000000000000004 0.27437500000000004 0.02499509803921568 0.008745098039215693
03 0.16749999999999998 0.62875 0.022456896551724143 0.02745689655172412
14 0.609375 0.139375 0.03872844827586208 0.028728448275862073
03 0.615 0.7925 0.01738636363636359 0.01738636363636381
00 0.210625 0.35750000000000004 0.03373579545454547 0.02998579545454544
03 0.850625 0.82875 0.018719512195121912 0.02746951219512206
03 0.045625 0.699375 0.03373214285714285 0.02373214285714287
