03 0.59125 0.31687088815789477 0.02498355263157881 0.03124177631578945
02 0.13874999999999998 0.076875 0.02749161073825504 0.038741610738255036
18 0.785625 0.59125 0.018706896551724084 0.022456896551724115
04 0.064375 0.778125 0.02874444444444444 0.023744444444444346
12 0.66 0.910625 0.037488095238095154 0.031238095238095065
06 0.135 0.6575 0.007492977528089889 0.08999297752808988
15 0.15749877450980393 0.26937500000000003 0.01249754901960784 0.04624509803921567
01 0.675625 0.39375 0.018706896551724084 0.01745689655172411
20 0.83375 0.5393749999999999 0.022478448275862206 0.02372844827586207
03 0.3775 0.6856249999999999 0.03488636363636355 0.018636363636363673
08 0.835 0.2525 0.027485795454545325 0.009985795454545476
14 0.565 0.29125 0.022469512195122054 0.047469512195121966
