12 0.609375 0.7075 0.04623355263157891 0.05498355263157895
10 0.030625 0.31562500000000004 0.02124161073825503 0.023741610738255037
10 0.791875 0.410625 0.03370689655172421 0.023706896551724144
15 0.628125 0.414375 0.011244444444444501 0.02874444444444446
06 0.400625 0.578125 0.13123809523809526 0.03873809523809535
04 0.28875 0.838125 0.04499297752808984 0.03874297752808986
01 0.848125 0.5218750000000001 0.03624509803921572 0.03374509803921566
14 0.483125 0.5975 0.02620689655172409 0.0699568965517241
20 0.28312499999999996 0.12437499999999999 0.02622844827586207 0.021228448275862052
12 0.46625 0.229375 0.05238636363636362 0.053636363636363676
18 0.89625 0.6512499999999999 0.02498579545454538 0.027485795454545436
14 0.29125 0.9025 0.04246951219512196 0.039969512195122014
14 0.618125 0.7493749999999999 0.03873214285714288 0.07123214285714285
15 0.27749999999999997 0.266875 0.03998750000000001 0.0662375
