03 0.43374999999999997 0.7518750000000001 0.03248355263157893 0.05373355263157886
03 0.876875 0.045 0.04374161073825489 0.03749161073825502
08 0.48375 0.311875 0.05995689655172415 0.04620689655172411
03 0.604375 0.14 0.0212444444444444 0.014994444444444449
15 0.381875 0.4975 0.026238095238095283 0.047488095238095274
03 0.8206249999999999 0.093125 0.05624297752808982 0.026242977528089878
18 0.445625 0.27437500000000004 0.021245098039215704 0.023745098039215706
05 0.44 0.02125 0.032456896551724124 0.03245689655172414
07 0.4575 0.25625 0.09497844827586205 0.014978448275862088
15 0.4475 0.21625 0.024886363636363595 0.06988636363636369
18 0.8587499999999999 0.40249999999999997 0.02248579545454532 0.024985795454545434
02 0.6675 0.06375 0.039969512195122014 0.03496951219512195
03 0.45125000000000004 0.45125 0.04248214285714286 0.029982142857142846
03 0.37875000000000003 0.508125 0.0299875 0.07373750000000007
