14 0.18375 0.22312500000000002 0.022483552631578974 0.03123355263157898
03 0.844375 0.661875 0.02374161073825487 0.04124161073825494
08 0.5543857758620689 0.8875 0.02372844827586207 0.02745689655172412
08 0.79 0.57375 0.03249444444444438 0.039994444444444444
14 0.210625 0.488125 0.026238095238095283 0.02873809523809523
00 0.5075000000000001 0.200625 0.02499297752808982 0.018742977528089844
02 0.5887512254901961 0.899375 0.029997549019607828 0.02374509803921565
06 0.624375 0.7012499999999999 0.05120689655172406 0.05245689655172414
11 0.900625 0.52125 0.03122844827586224 0.029978448275862046
03 0.768125 0.106875 0.043636363636363806 0.03613636363636363
04 0.35062499999999996 0.33 0.038735795454545474 0.02498579545454549
08 0.273125 0.9575 0.013719512195122019 0.04496951219512191
06 0.49124999999999996 0.23875000000000002 0.017482142857142835 0.037482142857142825
13 0.36124999999999996 0.630625 0.024987499999999996 0.0587375
