04 0.4225 0.16875 0.022483552631578918 0.022483552631578974
04 0.62625 0.25125 0.034991610738254963 0.027491610738255068
03 0.0925 0.9012500000000001 0.027456896551724133 0.032456896551724124
11 0.0225 0.11812500000000001 0.032494444444444444 0.028744444444444475
20 0.050625 0.480625 0.023738095238095232 0.016238095238095274
04 0.815 0.79375 0.027492977528089768 0.022492977528089875
12 0.04375 0.50625 0.037495098039215684 0.03999509803921564
18 0.489375 0.8431249999999999 0.018706896551724084 0.02120689655172414
08 0.29125 0.551875 0.03247844827586205 0.073728448275862
13 0.384375 0.605 0.046136363636363587 0.0848863636363636
11 0.6268750000000001 0.07125000000000001 0.026235795454545463 0.019985795454545464
08 0.676875 0.8600000000000001 0.07371951219512196 0.07746951219512199
