15 0.176875 0.828125 0.04623355263157897 0.023733552631578947
02 0.545625 0.86625 0.07374161073825503 0.024991610738254955
18 0.575 0.42125 0.02745689655172412 0.02995689655172412
19 0.251875 0.503125 0.02624444444444443 0.023744444444444457
09 0.63 0.589375 0.03498809523809521 0.0462380952380953
11 0.36250000000000004 0.744375 0.04249297752808984 0.03374297752808986
11 0.14937499999999998 0.41625 0.03624509803921569 0.032495098039215686
14 0.09625 0.733125 0.02995689655172412 0.043706896551724106
01 0.5475000000000001 0.749375 0.03497844827586205 0.036228448275862135
01 0.77 0.598125 0.02738636363636371 0.02863636363636357
03 0.2975 0.9512499999999999 0.05748579545454546 0.034985795454545277
11 0.724375 0.41000000000000003 0.033719512195121926 0.02996951219512195
