03 0.7312541118421052 0.563125 0.03749177631578948 0.04623355263157891
08 0.93 0.28937500000000005 0.042491610738254915 0.02874161073825504
08 0.268125 0.08499999999999999 0.0712068965517241 0.03495689655172414
14 0.71375 0.20625 0.0674944444444443 0.029994444444444407
00 0.104375 0.7206250000000001 0.036238095238095236 0.031238095238095176
08 0.451875 0.530625 0.048742977528089815 0.02124297752808979
05 0.711876225490196 0.639375 0.031247549019607912 0.056245098039215735
03 0.59875 0.8075 0.03495689655172418 0.024956896551724173
10 0.115 0.29875 0.029978448275862074 0.024978448275862042
04 0.233125 0.14875 0.033636363636363686 0.04238636363636364
06 0.823125 0.8125 0.09873579545454536 0.09748579545454539
