08 0.23062500000000002 0.44 0.01873355263157897 0.03248355263157887
03 0.9300020973154363 0.055625 0.012495805369127533 0.028741610738255027
03 0.308125 0.021249999999999998 0.03370689655172415 0.029956896551724135
07 0.42375 0.729375 0.01749444444444448 0.04874444444444426
11 0.59125 0.6231249999999999 0.017488095238095247 0.013738095238095327
03 0.6012500000000001 0.53625 0.032492977528089884 0.019992977528089817
04 0.823125 0.529375 0.0162450980392157 0.0162450980392157
12 0.3025 0.8600000000000001 0.01745689655172411 0.022456896551724115
06 0.056875 0.9681196120689656 0.04122844827586207 0.03373922413793107
10 0.525625 0.20875 0.02113636363636351 0.01488636363636367
01 0.26625 0.08125 0.02498579545454549 0.017485795454545455
