03 0.233125 0.588125 0.016233552631578996 0.026233552631578894
03 0.70875 0.48062499999999997 0.017491610738254892 0.033741610738255046
10 0.718125 0.63625 0.026206896551724146 0.012456896551724106
04 0.85375 0.721875 0.019994444444444426 0.021244444444444288
19 0.9393750000000001 0.395 0.023738095238095114 0.01998809523809525
03 0.5700000000000001 0.6325000000000001 0.019992977528089928 0.009992977528089919
03 0.30374999999999996 0.08374999999999999 0.029995098039215684 0.024995098039215694
19 0.768125 0.95 0.016206896551724026 0.019956896551724168
18 0.24375000000000002 0.6725 0.012478448275862059 0.014978448275862144
20 0.460625 0.46375 0.018636363636363562 0.01738636363636359
04 0.27 0.725625 0.022485795454545487 0.023735795454545294
00 0.865 0.9512499999999999 0.01746951219512205 0.01746951219512194
05 0.944375 0.01375 0.018732142857142864 0.027482142857142858
03 0.27 0.765 0.027487499999999998 0.022487499999999994
