01 0.8262499999999999 0.50125 0.019983552631578916 0.014983552631578856
09 0.550625 0.65125 0.03624161073825505 0.017491610738255003
11 0.045625 0.8162499999999999 0.02870689655172414 0.022456896551724115
04 0.765 0.413125 0.029994444444444435 0.02124444444444451
09 0.09875 0.37687499999999996 0.052488095238095236 0.04123809523809524
00 0.521875 0.561875 0.02124297752808979 0.018742977528089844
05 0.514375 0.825625 0.028745098039215655 0.018745098039215757
03 0.266875 0.504375 0.04620689655172411 0.036206896551724155
10 0.39375000000000004 0.7675000000000001 0.027478448275862044 0.0174784482758622
07 0.43562500000000004 0.475 0.09363636363636357 0.06988636363636358
20 0.254375 0.5081249999999999 0.018735795454545456 0.013735795454545507
03 0.10311737804878049 0.7525 0.031234756097560976 0.022469512195122054
18 0.234375 0.030625 0.01873214285714281 0.021232142857142863
06 0.27812499999999996 0.605 0.023737500000000022 0.07498749999999998
