02 0.606875 0.153125 0.051233552631578916 0.07123355263157895
03 0.989375 0.22375 0.018741610738254977 0.032491610738255045
06 0.454375 0.4575 0.041206896551724104 0.022456896551724115
03 0.565 0.3675 0.06499444444444447 0.047494444444444506
03 0.6325000000000001 0.478125 0.07248809523809518 0.03373809523809529
06 0.37 0.598125 0.01749297752808987 0.11874297752808982
01 0.586875 0.39875 0.028745098039215655 0.022495098039215677
06 0.6156250000000001 0.104375 0.1062068965517241 0.10120689655172416
03 0.9393750000000001 0.5 0.05122844827586215 0.06997844827586208
08 0.900625 0.7175 0.04613636363636375 0.029886363636363766
01 0.194375 0.26625 0.028735795454545465 0.022485795454545487
03 0.61625 0.344375 0.029969512195122006 0.04121951219512199
09 0.294375 0.32437499999999997 0.03373214285714288 0.056232142857142786
