03 0.600625 0.9 0.07873355263157888 0.017483552631578858
15 0.29312499999999997 0.71625 0.03874161073825505 0.022491610738255008
20 0.7125 0.18562499999999998 0.029956896551724066 0.02870689655172412
13 0.27937500000000004 0.621875 0.08874444444444446 0.043744444444444364
14 0.051875000000000004 0.901875 0.03123809523809524 0.04373809523809513
09 0.33187500000000003 0.9081250000000001 0.02624297752808985 0.03374297752808986
09 0.9037487745098038 0.56875 0.042497549019607894 0.03749509803921569
06 0.790625 0.09625 0.026206896551724146 0.02245689655172413
04 0.135625 0.544375 0.03872844827586207 0.03872844827586197
13 0.4375 0.356875 0.04988636363636356 0.0586363636363636
03 0.188125 0.195 0.02623579545454549 0.05248579545454546
