06 0.700625 0.615 0.12373355263157892 0.04498355263157894
03 0.14250000000000002 0.35125 0.04999161073825506 0.06249161073825504
03 0.16125 0.6375 0.06745689655172413 0.0749568965517241
02 0.8825000000000001 0.429375 0.04249444444444428 0.04624444444444453
02 0.9212499999999999 0.21187499999999998 0.02248809523809514 0.03123809523809526
03 0.82375 0.6 0.029992977528089826 0.16499297752808983
00 0.050625 0.20375 0.043745098039215696 0.029995098039215712
08 0.9225 0.565625 0.01745689655172411 0.07120689655172419
13 0.91875 0.41500000000000004 0.1324784482758622 0.024978448275862097
02 0.685 0.91625 0.039886363636363664 0.09238636363636377
04 0.23062499999999997 0.420625 0.04623579545454545 0.038735795454545474
05 0.19124999999999998 0.138125 0.03496951219512198 0.05371951219512197
03 0.8712500000000001 0.143125 0.06998214285714288 0.06123214285714286
14 0.885 0.7793749999999999 0.03748750000000001 0.026237500000000025
