18 0.5393749999999999 0.013125 0.02123355263157889 0.023733552631578947
09 0.5125 0.8187500000000001 0.024991610738255066 0.03749161073825491
03 0.333125 0.7575 0.046206896551724164 0.03745689655172413
06 0.398125 0.375 0.05874444444444449 0.0424944444444445
04 0.6343749999999999 0.41500000000000004 0.031238095238095176 0.024988095238095254
06 0.47562324438202247 0.739375 0.016246488764044886 0.07624297752808995
03 0.8674999999999999 0.05 0.0674950980392156 0.024995098039215687
15 0.2575 0.975625 0.02745689655172412 0.016206896551724137
20 0.750625 0.24125000000000002 0.01372844827586217 0.012478448275862059
09 0.37812500000000004 0.615625 0.018636363636363618 0.026136363636363624
04 0.03 0.20875 0.029985795454545452 0.027485795454545464
