20 0.45999999999999996 0.050625 0.03248355263157893 0.02873355263157895
07 0.2 0.17625000000000002 0.11499161073825506 0.01749161073825503
08 0.425 0.436875 0.04245689655172413 0.13120689655172413
03 0.88875 0.52125 0.03499444444444433 0.03249444444444449
09 0.5325 0.75375 0.06498809523809523 0.06998809523809513
08 0.905 0.080625 0.0524929775280899 0.06124297752808989
13 0.30625 0.070625 0.12499509803921566 0.028745098039215697
03 0.039375 0.2175 0.06620689655172414 0.057456896551724146
20 0.87 0.444375 0.03497844827586216 0.028728448275862073
15 0.9762500000000001 0.17625000000000002 0.039886363636363664 0.05488636363636365
14 0.90625 0.474375 0.01498579545454537 0.04373579545454548
20 0.270625 0.609375 0.03621951219512198 0.03621951219512187
14 0.33999999999999997 0.3875 0.052482142857142866 0.06748214285714282
