18 0.864375 0.413125 0.023733552631578947 0.026233552631578894
04 0.705625 0.47250000000000003 0.043741610738255 0.03999161073825502
20 0.934375 0.864375 0.026206896551724146 0.02120689655172403
16 0.94 0.185625 0.0624944444444443 0.051244444444444426
06 0.8200000000000001 0.396875 0.13498809523809518 0.013738095238095271
18 0.3775 0.49124999999999996 0.02499297752808982 0.027492977528089824
12 0.6643749999999999 0.39125 0.0737450980392157 0.042495098039215695
03 0.50875 0.28625 0.02995689655172412 0.034956896551724126
03 0.823125 0.824375 0.07622844827586217 0.14622844827586223
12 0.4525 0.1825 0.06738636363636358 0.049886363636363645
04 0.36624999999999996 0.6018749999999999 0.04498579545454545 0.026235795454545463
