02 0.43875 0.92625 0.03748355263157893 0.019983552631578916
13 0.526875 0.3975 0.07874161073825503 0.07749161073825506
07 0.6775 0.650625 0.04245689655172413 0.018706896551724084
18 0.90625 0.335625 0.019994444444444426 0.023744444444444457
03 0.14375 0.15250000000000002 0.047488095238095246 0.044988095238095244
02 0.155 0.651875 0.01749297752808987 0.06624297752808983
06 0.39375 0.644375 0.08499509803921568 0.046245098039215726
03 0.9668749999999999 0.4075 0.018706896551724195 0.04995689655172414
06 0.76625 0.43625 0.06247844827586224 0.0924784482758621
20 0.576875 0.5775 0.013636363636363558 0.014886363636363642
20 0.6399999999999999 0.30125 0.02498579545454549 0.024985795454545434
04 0.936875 0.099375 0.028719512195122032 0.026219512195121947
03 0.073125 0.054375 0.07373214285714287 0.013732142857142846
04 0.05437499999999999 0.3975 0.031237499999999994 0.047487500000000016
