09 0.73 0.494375 0.04998355263157883 0.038733552631578905
03 0.61625 0.793125 0.04749161073825503 0.021241610738254924
11 0.565625 0.8043750000000001 0.04120689655172416 0.04120689655172416
12 0.374375 0.09125 0.04624444444444448 0.04999444444444445
14 0.5762499999999999 0.4225 0.03998809523809521 0.037488095238095265
11 0.833125 0.661875 0.046242977528089924 0.03874297752808986
08 0.6556262254901961 0.09562499999999999 0.046247549019607814 0.05374509803921569
03 0.5025000000000001 0.455 0.04995689655172414 0.0749568965517241
14 0.634375 0.40875 0.03872844827586208 0.039978448275862055
18 0.8049999999999999 0.77875 0.02738636363636371 0.029886363636363655
06 0.683125 0.6799999999999999 0.09373579545454547 0.09248579545454538
