02 0.6975 0.48625 0.03248355263157898 0.014983552631578911
07 0.3375 0.21625 0.03249161073825507 0.022491610738255063
20 0.748125 0.43 0.016206896551724137 0.014956896551724164
03 0.16749999999999998 0.21187499999999998 0.0074944444444444425 0.021244444444444427
13 0.753125 0.06875 0.03873809523809513 0.052488095238095236
02 0.5331267556179775 0.37375 0.02374648876404495 0.017492977528089815
03 0.21125 0.3825 0.014995098039215699 0.032495098039215686
05 0.07375 0.7375 0.024956896551724145 0.01745689655172411
11 0.3075 0.26375000000000004 0.032478448275862104 0.027478448275862044
14 0.8725 0.7250000000000001 0.04488636363636378 0.02738636363636371
18 0.288125 0.700625 0.016235795454545454 0.016235795454545232
20 0.3075 0.38 0.012469512195121935 0.009969512195121988
16 0.861875 0.7025 0.033732142857142766 0.02498214285714284
18 0.40125 0.6837500000000001 0.014987500000000042 0.01748749999999999
