04 0.40812499999999996 0.9081250000000001 0.048733552631578914 0.033733552631578845
04 0.25375000000000003 0.795 0.04999161073825503 0.032491610738254906
20 0.159375 0.59125 0.046206896551724136 0.029956896551724177
20 0.650625 0.081875 0.03624444444444441 0.03374444444444445
07 0.53375 0.94875 0.029988095238095203 0.0974880952380951
03 0.548125 0.77625 0.10624297752808987 0.057492977528089906
13 0.500625 0.7893749999999999 0.13624509803921575 0.08624509803921565
14 0.475 0.6056250000000001 0.04745689655172414 0.05120689655172417
12 0.559375 0.130625 0.06622844827586205 0.05372844827586207
14 0.6325000000000001 0.693125 0.06238636363636363 0.07863636363636373
18 0.330625 0.684375 0.031235795454545467 0.0337357954545453
09 0.393125 0.365 0.056219512195122 0.04996951219512197
09 0.138125 0.94875 0.03873214285714287 0.04498214285714286
03 0.861875 0.64375 0.0587375 0.057487500000000025
