01 0.784375 0.9706250000000001 0.026233552631578894 0.02123355263157889
04 0.56 0.14500000000000002 0.042491610738255026 0.03749161073825505
03 0.55125 0.926875 0.049956896551724084 0.03120689655172404
18 0.1275 0.17312499999999997 0.027494444444444446 0.031244444444444436
05 0.1075 0.1925 0.024988095238095226 0.049988095238095276
06 0.9037517556179775 0.19624999999999998 0.024996488764044922 0.029992977528089854
20 0.8887499999999999 0.2 0.02999509803921574 0.024995098039215707
02 0.504375 0.619375 0.04870689655172411 0.05620689655172417
04 0.90125 0.48625 0.042478448275862224 0.03497844827586205
03 0.12062500000000001 0.465625 0.03863636363636365 0.10613636363636358
