15 0.69875 0.579375 0.012483552631578965 0.018733552631578942
04 0.4325 0.19125 0.024991610738255066 0.01749161073825506
03 0.503125 0.734375 0.011206896551724133 0.026206896551724146
14 0.3125 0.845 0.022494444444444428 0.03999444444444433
20 0.965625 0.5125 0.023738095238095114 0.017488095238095247
10 0.83875 0.57375 0.024992977528089932 0.022492977528089875
10 0.7675000000000001 0.266875 0.022495098039215677 0.026245098039215653
13 0.48 0.284375 0.08495689655172417 0.07370689655172413
03 0.6925 0.51875 0.022478448275862206 0.037478448275862
15 0.023125 0.97875 0.031136363636363632 0.03238636363636371
