05 0.8768750000000001 0.5587500000000001 0.051233552631578916 0.029983552631578925
04 0.66625 0.1575 0.05499161073825498 0.04999161073825503
12 0.280625 0.964375 0.05120689655172411 0.04870689655172411
03 0.705625 0.598125 0.033744444444444355 0.03124444444444452
13 0.14437500000000003 0.8731249999999999 0.09373809523809526 0.05373809523809514
13 0.09125 0.26875 0.1174929775280899 0.05749297752808988
01 0.75875 0.9550000000000001 0.052495098039215704 0.052495098039215704
13 0.655 0.788125 0.05495689655172409 0.05620689655172406
13 0.944375 0.13125 0.06122844827586216 0.04247844827586207
20 0.75125 0.90375 0.04238636363636372 0.04238636363636383
00 0.701875 0.065625 0.048735795454545316 0.04373579545454545
