03 0.819375 0.63875 0.11623355263157886 0.047483552631578885
06 0.721875 0.28437500000000004 0.14624161073825492 0.05374161073825506
20 0.85875 0.466875 0.029956896551724066 0.026206896551724146
06 0.8049999999999999 0.28750000000000003 0.1199944444444444 0.08499444444444448
14 0.856875 0.6012500000000001 0.08623809523809511 0.10248809523809521
03 0.736875 0.1475 0.03124297752808991 0.06499297752808987
20 0.4975 0.63625 0.032495098039215686 0.024995098039215735
02 0.58125 0.081875 0.04245689655172413 0.07370689655172413
00 0.5762499999999999 0.328125 0.04247844827586211 0.03872844827586208
10 0.042499999999999996 0.38125 0.03988636363636363 0.034886363636363604
06 0.874375 0.4575 0.06623579545454539 0.14498579545454549
