19 0.72375 0.346875 0.03248355263157898 0.04623355263157891
05 0.42374999999999996 0.204375 0.03249161073825507 0.04874161073825506
10 0.0475 0.9425 0.054956896551724144 0.04495689655172419
03 0.8825000000000001 0.384375 0.029994444444444324 0.021244444444444455
04 0.48875 0.47625 0.03498809523809526 0.027488095238095256
18 0.08875 0.928125 0.029992977528089895 0.0312429775280898
03 0.35375 0.6925 0.042495098039215695 0.034995098039215744
03 0.136875 0.416875 0.041206896551724145 0.08620689655172409
03 0.823125 0.7406250000000001 0.016228448275862117 0.03872844827586219
11 0.35125 0.825 0.04238636363636361 0.04488636363636378
04 0.42625 0.24625 0.032485795454545496 0.022485795454545487
