11 0.048125 0.2275 0.033733552631578956 0.024983552631578976
11 0.551875 0.859375 0.03624161073825505 0.028741610738254986
15 0.8175 0.16 0.0074568965517241015 0.02995689655172412
20 0.6575 0.1 0.029994444444444324 0.02749444444444446
05 0.353125 0.25375 0.018738095238095276 0.04248809523809524
13 0.438125 0.755 0.07374297752808984 0.10749297752808995
12 0.9293750000000001 0.205 0.038745098039215775 0.03999509803921569
00 0.63125 0.78625 0.02745689655172412 0.022456896551724226
08 0.68625 0.575 0.03497844827586216 0.029978448275862046
18 0.035625000000000004 0.535625 0.018636363636363635 0.02113636363636362
03 0.71 0.555625 0.029985795454545383 0.01123579545454545
