04 0.43062500000000004 0.25625 0.05373355263157892 0.04748355263157897
02 0.48812500000000003 0.325625 0.051241610738255006 0.06124161073825507
13 0.59875 0.8218749999999999 0.11245689655172408 0.12620689655172412
06 0.3750013888888889 0.650625 0.1324972222222222 0.15874444444444447
02 0.08625 0.22875 0.05748809523809524 0.06748809523809529
14 0.306875 0.275625 0.041242977528089864 0.043742977528089866
19 0.9 0.78375 0.07749509803921573 0.06499509803921566
09 0.565 0.6131249999999999 0.057456896551724035 0.07370689655172413
10 0.23125 0.8425 0.05247844827586204 0.05497844827586218
03 0.421875 0.16625 0.08363636363636362 0.029886363636363655
