19 0.53 0.750625 0.03498355263157893 0.026233552631578894
08 0.96 0.33499999999999996 0.017491610738254892 0.03999161073825502
20 0.436875 0.594375 0.026206896551724146 0.0237068965517242
03 0.6174999999999999 0.61625 0.022494444444444484 0.047494444444444506
18 0.02375 0.0625 0.022488095238095238 0.024988095238095233
04 0.903125 0.306875 0.03124297752808991 0.02624297752808985
07 0.275 0.18375 0.01499509803921567 0.05999509803921571
08 0.05875 0.9225 0.05745689655172414 0.03495689655172418
08 0.37124999999999997 0.435625 0.014978448275862088 0.018728448275862064
03 0.889375 0.7475 0.04113636363636375 0.057386363636363735
20 0.811875 0.221875 0.01873579545454529 0.018735795454545484
01 0.039375 0.28625 0.051219512195121955 0.04996951219512202
03 0.8518749999999999 0.7150000000000001 0.033732142857142766 0.05998214285714287
