01 0.30062500000000003 0.7481249999999999 0.018733552631578998 0.01123355263157888
14 0.615625 0.07250000000000001 0.05124161073825495 0.029991610738255042
05 0.39375 0.875 0.02745689655172412 0.02745689655172412
06 0.34375 0.812498611111111 0.06999444444444447 0.027497222222222173
07 0.931875 0.95125 0.041238095238095074 0.017488095238095136
18 0.624375 0.0225 0.018742977528089844 0.02249297752808989
18 0.46062499999999995 0.805625 0.018745098039215702 0.021245098039215704
05 0.66125 0.28625 0.02745689655172412 0.022456896551724115
03 0.439375 0.555625 0.07122844827586206 0.02372844827586207
03 0.1387784090909091 0.70625 0.03744318181818182 0.0173863636363637
