06 0.233125 0.7418750000000001 0.06123355263157898 0.08373355263157889
06 0.47 0.521875 0.11749161073825504 0.06374161073825507
06 0.49750000000000005 0.1875 0.027456896551724175 0.054956896551724144
18 0.97875 0.64125 0.029994444444444435 0.03249444444444438
09 0.369375 0.495 0.04873809523809525 0.04248809523809527
05 0.825625 0.326875 0.036242977528089804 0.04374297752808981
20 0.70625 0.52 0.022495098039215677 0.017495098039215673
04 0.09 0.5625 0.044956896551724135 0.029956896551724066
03 0.635 0.920625 0.06997844827586208 0.04122844827586225
20 0.354375 0.89375 0.03863636363636358 0.02738636363636371
15 0.796875 0.38687499999999997 0.0287357954545453 0.04873579545454548
12 0.88 0.106875 0.05996951219512203 0.06621951219512194
06 0.835 0.90625 0.02498214285714284 0.11998214285714282
15 0.9143749999999999 0.7731250000000001 0.03873749999999998 0.036237500000000034
