18 0.049375 0.294375 0.01873355263157895 0.021233552631579
03 0.379375 0.573125 0.031241610738255043 0.01624161073825503
14 0.22749999999999998 0.8787499999999999 0.014956896551724136 0.022456896551724115
11 0.393125 0.356875 0.03124444444444452 0.026244444444444515
09 0.78375 0.5700000000000001 0.019988095238095194 0.03498809523809532
09 0.043125 0.13437500000000002 0.03624297752808989 0.04124297752808989
06 0.713125 0.723125 0.05374509803921568 0.06624509803921574
10 0.31062500000000004 0.13624999999999998 0.023706896551724144 0.01995689655172414
07 0.740625 0.48375 0.06372844827586222 0.03747844827586211
01 0.9199999999999999 0.8075 0.014886363636363753 0.012386363636363695
06 0.58375 0.316875 0.01498579545454548 0.03373579545454547
04 0.455625 0.8712500000000001 0.02121951219512197 0.014969512195121992
20 0.09875 0.276875 0.02498214285714287 0.021232142857142866
15 0.8868750000000001 0.6937500000000001 0.018737499999999963 0.02498750000000005
