08 0.35749588815789474 0.6825 0.02999177631578942 0.037483552631578876
14 0.46187500000000004 0.899375 0.033741610738255046 0.0537416107382549
09 0.38187499999999996 0.250625 0.041206896551724104 0.053706896551724115
13 0.7243736111111111 0.280625 0.06124722222222223 0.026244444444444404
03 0.344375 0.723125 0.046238095238095245 0.03623809523809518
03 0.4675 0.39125 0.03249297752808983 0.03499297752808983
06 0.7675000000000001 0.635 0.014995098039215615 0.042495098039215695
06 0.788125 0.451875 0.0337068965517241 0.058706896551724175
03 0.86375 0.4375 0.022478448275862206 0.039978448275862055
03 0.491875 0.21000000000000002 0.03113636363636363 0.029886363636363683
18 0.345 0.7875 0.022485795454545487 0.02498579545454538
20 0.86875 0.9325 0.022469512195121943 0.02496951219512189
20 0.184375 0.6268750000000001 0.031232142857142847 0.023732142857142757
03 0.416875 0.2175 0.05623750000000005 0.034987500000000005
