14 0.429375 0.39125 0.018733552631578942 0.022483552631578918
13 0.48125 0.865 0.11499161073825503 0.03999161073825497
03 0.67125 0.736875 0.02745689655172412 0.053706896551724115
20 0.631875 0.59625 0.02874444444444446 0.029994444444444546
14 0.09375 0.075625 0.047488095238095246 0.04623809523809524
19 0.465625 0.043125 0.023742977528089848 0.03624297752808989
08 0.31624877450980393 0.104375 0.037497549019607834 0.03874509803921569
03 0.481875 0.22062500000000002 0.026206896551724146 0.031206896551724123
03 0.396875 0.23812499999999998 0.0662284482758621 0.028728448275862045
04 0.286875 0.40249999999999997 0.02613636363636368 0.024886363636363595
