08 0.050625 0.08562499999999999 0.031233552631578954 0.021233552631578945
00 0.9181250000000001 0.808125 0.028741610738254875 0.031241610738254932
15 0.975625 0.28625 0.0387068965517241 0.02745689655172412
07 0.32125000000000004 0.909375 0.022494444444444428 0.1412444444444444
00 0.643125 0.12687500000000002 0.031238095238095176 0.02373809523809524
06 0.081875 0.941875 0.07874297752808988 0.053742977528089875
03 0.685 0.246875 0.014995098039215615 0.02374509803921568
01 0.775 0.06937499999999999 0.01745689655172411 0.013706896551724149
05 0.168125 0.62375 0.02622844827586207 0.032478448275862104
08 0.5149999999999999 0.15125 0.022386363636363593 0.03488636363636363
20 0.7925 0.38187499999999996 0.027485795454545325 0.028735795454545465
01 0.846875 0.596875 0.03621951219512198 0.03371951219512204
03 0.5193749999999999 0.885625 0.03873214285714288 0.0637321428571429
