04 0.45687500000000003 0.588125 0.0337335526315789 0.0362335526315789
03 0.1225 0.09062500000000001 0.014991610738255057 0.038741610738255036
01 0.23125 0.18875 0.027456896551724147 0.01745689655172411
01 0.8731249999999999 0.933125 0.021244444444444288 0.016244444444444284
07 0.4675 0.21187499999999998 0.05748809523809523 0.038738095238095266
02 0.116875 0.8775 0.05374297752808989 0.06499297752808986
11 0.200625 0.96375 0.041245098039215694 0.03999509803921564
06 0.70125 0.510625 0.06745689655172415 0.05620689655172417
03 0.545625 0.18312499999999998 0.018728448275862064 0.061228448275862074
01 0.25875000000000004 0.481875 0.024886363636363706 0.02113636363636362
04 0.38875 0.6112500000000001 0.037485795454545445 0.02498579545454549
