07 0.27375000000000005 0.48125 0.01998355263157897 0.05998355263157895
03 0.0875 0.86375 0.049991610738255046 0.03999161073825497
06 0.04062500000000001 0.681875 0.07620689655172415 0.07120689655172407
18 0.8362499999999999 0.2025 0.03249444444444427 0.03499444444444441
07 0.833125 0.17875000000000002 0.07623809523809522 0.15748809523809526
15 0.046875 0.315 0.021242977528089887 0.03749297752808989
11 0.150625 0.6125 0.043745098039215696 0.03749509803921569
07 0.445625 0.583114224137931 0.05120689655172417 0.03372844827586208
12 0.630625 0.366875 0.046228448275862144 0.0637284482758621
00 0.08249999999999999 0.643125 0.04988636363636363 0.04113636363636364
04 0.26625 0.29625 0.037485795454545445 0.03248579545454544
06 0.360625 0.6074999999999999 0.07121951219512196 0.10746951219512202
