06 0.58375 0.94875 0.04248355263157899 0.02498355263157892
01 0.10250000000000001 0.9156249999999999 0.024991610738255052 0.01624161073825492
09 0.3675 0.933125 0.0649568965517241 0.06870689655172413
11 0.081875 0.650625 0.051244444444444454 0.053744444444444484
18 0.928125 0.5325 0.03623809523809518 0.03998809523809532
08 0.1918767556179775 0.54 0.031246488764044927 0.03749297752808989
15 0.8825000000000001 0.843125 0.07749509803921562 0.05874509803921568
03 0.46875 0.875 0.04245689655172413 0.024956896551724173
07 0.906875 0.423125 0.06372844827586222 0.023728448275862013
14 0.391875 0.16812500000000002 0.05363636363636365 0.04613636363636367
18 0.258125 0.629375 0.03623579545454547 0.03873579545454542
03 0.9368749999999999 0.8087500000000001 0.026219512195121975 0.05496951219512203
12 0.85 0.073125 0.0849821428571429 0.09623214285714286
20 0.17375000000000002 0.6993750000000001 0.029987500000000028 0.026237500000000025
