00 0.8525 0.74625 0.037483552631578876 0.02498355263157892
14 0.639375 0.3425 0.04124161073825505 0.01749161073825506
20 0.330625 0.09812499999999999 0.016206896551724137 0.018706896551724125
18 0.9775 0.29625 0.017494444444444368 0.019994444444444426
04 0.921875 0.5149999999999999 0.02623809523809517 0.017488095238095247
02 0.590625 0.264375 0.03374297752808986 0.05124297752808987
02 0.743125 0.26937500000000003 0.03624509803921572 0.03624509803921566
03 0.61375 0.08374999999999999 0.014956896551724164 0.02245689655172413
12 0.686875 0.68625 0.05122844827586226 0.05247844827586223
03 0.39625 0.6174999999999999 0.0298863636363636 0.029886363636363655
01 0.72875 0.2 0.01498579545454537 0.01248579545454545
03 0.4625 0.8625 0.01996951219512194 0.03246951219512206
03 0.756875 0.67875 0.033732142857142766 0.02498214285714284
05 0.905625 0.23125 0.028737500000000082 0.03248750000000003
