09 0.7106250000000001 0.556875 0.016233552631578996 0.026233552631578894
08 0.7893749999999999 0.052500000000000005 0.046241610738254946 0.019991610738255026
04 0.6556249999999999 0.268125 0.02120689655172414 0.018706896551724084
06 0.35875 0.643125 0.01749444444444448 0.016244444444444395
07 0.221875 0.934375 0.03123809523809526 0.1237380952380952
03 0.10375000000000001 0.9606250000000001 0.04249297752808988 0.0212429775280899
11 0.410625 0.051250000000000004 0.021245098039215704 0.024995098039215687
02 0.3025 0.38375000000000004 0.022456896551724115 0.019956896551724113
11 0.984375 0.076875 0.021228448275862233 0.016228448275862062
06 0.31375 0.35250000000000004 0.019886363636363646 0.05488636363636362
