03 0.579375 0.705625 0.031233552631578898 0.033733552631578845
08 0.844375 0.8668750000000001 0.031241610738254932 0.013741610738254972
06 0.298125 0.07999999999999999 0.00870689655172413 0.08245689655172413
11 0.29125 0.935625 0.029994444444444435 0.023744444444444346
18 0.8518749999999999 0.398125 0.01873809523809522 0.021238095238095278
03 0.84625 0.6243749999999999 0.0524929775280899 0.01374297752808984
00 0.6018749999999999 0.15375 0.02374509803921565 0.027495098039215682
15 0.713125 0.5925 0.011206896551724133 0.02745689655172412
05 0.116875 0.9525 0.013728448275862074 0.03497844827586216
20 0.045 0.819375 0.01738636363636363 0.018636363636363673
