04 0.250625 0.17625 0.04123355263157899 0.02998355263157898
11 0.389375 0.13874999999999998 0.03874161073825505 0.024991610738255038
06 0.763125 0.923125 0.026206896551724035 0.0387068965517241
14 0.03875 0.535625 0.039994444444444444 0.04874444444444448
03 0.965625 0.370625 0.028738095238095118 0.018738095238095276
02 0.459375 0.576875 0.03374297752808986 0.028742977528089853
18 0.085625 0.845 0.023745098039215692 0.027495098039215682
03 0.424375 0.299375 0.0387068965517241 0.04870689655172411
05 0.70125 0.788125 0.042478448275862224 0.021228448275862233
18 0.98125 0.72875 0.022386363636363815 0.02488636363636365
