07 0.645625 0.6325 0.06623355263157893 0.0674835526315789
04 0.151875 0.693125 0.03874161073825505 0.036241610738254826
03 0.9025000000000001 0.5331250000000001 0.03495689655172407 0.06620689655172407
03 0.14625 0.500625 0.029994444444444435 0.023744444444444512
03 0.6581220238095238 0.065625 0.021244047619047635 0.02123809523809523
07 0.39437500000000003 0.311875 0.021242977528089846 0.06874297752808983
03 0.236875 0.9143749999999999 0.04374509803921567 0.026245098039215597
14 0.15875 0.815 0.054956896551724144 0.02745689655172423
05 0.835 0.10625 0.039978448275862166 0.02497844827586207
03 0.875 0.6375 0.03738636363636383 0.019886363636363646
03 0.2 0.7224999999999999 0.04748579545454548 0.034985795454545277
