18 0.72125 0.39875 0.039983552631578934 0.04248355263157888
05 0.3775 0.325625 0.04499161073825508 0.07624161073825508
06 0.4325 0.511875 0.06245689655172415 0.11120689655172411
13 0.175 0.49187499999999995 0.17499444444444445 0.08874444444444446
18 0.920625 0.609375 0.03873809523809513 0.041238095238095296
01 0.375625 0.37124999999999997 0.07624297752808984 0.0699929775280898
20 0.75125 0.7875000000000001 0.0474950980392157 0.032495098039215686
08 0.28812499999999996 0.895 0.03370689655172415 0.08245689655172406
08 0.489375 0.436875 0.03622844827586208 0.02622844827586207
03 0.385 0.21437499999999998 0.05988636363636357 0.05613636363636368
20 0.09687500000000002 0.25187499999999996 0.07873579545454547 0.07123579545454545
