08 0.131875 0.595 0.013733552631578938 0.029983552631578925
11 0.77 0.965625 0.04999161073825498 0.03374161073825499
03 0.0875 0.649375 0.044956896551724135 0.07370689655172413
03 0.414375 0.740625 0.05124444444444454 0.05374444444444437
06 0.40625 0.200625 0.11998809523809528 0.04373809523809527
06 0.32 0.069375 0.039992977528089835 0.0912429775280899
13 0.215 0.8225 0.09249509803921568 0.06749509803921572
03 0.569375 0.938125 0.02120689655172414 0.04870689655172411
08 0.414375 0.6575 0.05622844827586204 0.039978448275862166
06 0.813125 0.645625 0.15613636363636374 0.033636363636363686
04 0.5706249999999999 0.360625 0.06873579545454545 0.046235795454545425
12 0.86625 0.7424999999999999 0.039969512195122014 0.06746951219512198
14 0.583125 0.109375 0.036232142857142824 0.07623214285714286
03 0.420625 0.47875 0.08873749999999997 0.03748750000000001
