10 0.33625 0.21375 0.014983552631578911 0.012483552631578965
07 0.6468749999999999 0.84375 0.043741610738255 0.069991610738255
03 0.8049999999999999 0.2125 0.019956896551724168 0.032456896551724124
03 0.405625 0.59125 0.018744444444444508 0.022494444444444484
14 0.6856249999999999 0.229375 0.01623809523809505 0.026238095238095283
18 0.286875 0.53125 0.011242977528089837 0.014992977528089924
03 0.8474999999999999 0.6325000000000001 0.03499509803921563 0.024995098039215624
03 0.678760775862069 0.365625 0.03247844827586199 0.0362068965517241
03 0.426875 0.815 0.01372844827586206 0.032478448275862104
03 0.08499999999999999 0.811875 0.022386363636363635 0.023636363636363678
04 0.06 0.51125 0.024985795454545455 0.01748579545454554
08 0.530625 0.05625 0.03121951219512198 0.01496951219512195
