03 0.7 0.778125 0.047483552631578885 0.013733552631578827
07 0.5731270973154362 0.6012500000000001 0.04374580536912753 0.03749161073825513
05 0.019375 0.560625 0.023706896551724137 0.04870689655172411
08 0.89625 0.816875 0.07499444444444436 0.01874444444444434
06 0.81375 0.239375 0.044988095238095105 0.028738095238095257
03 0.806875 0.5325 0.05624297752808993 0.08249297752808982
18 0.144375 0.280625 0.02874509803921571 0.031245098039215713
10 0.26875 0.640625 0.03995689655172416 0.04120689655172405
05 0.138125 0.49312500000000004 0.05372844827586208 0.03872844827586208
20 0.17375000000000002 0.8 0.022386363636363676 0.014886363636363753
04 0.47562499999999996 0.04625 0.05123579545454543 0.027485795454545457
