03 0.255 0.23249999999999998 0.09748355263157896 0.15748355263157895
04 0.5225 0.0475 0.06249161073825504 0.042491610738255026
07 0.075625 0.761875 0.08120689655172414 0.04870689655172411
12 0.08750000000000001 0.62375 0.08249444444444445 0.08749444444444443
12 0.355625 0.86875 0.13623809523809527 0.12248809523809512
05 0.64375 0.568125 0.07749297752808981 0.04124297752808981
14 0.409375 0.341875 0.06874509803921569 0.08874509803921571
03 0.47687500000000005 0.668125 0.09120689655172415 0.08120689655172408
08 0.6825 0.610625 0.08247844827586226 0.08372844827586212
07 0.3275 0.204375 0.034886363636363604 0.07363636363636367
03 0.945 0.1875 0.08998579545454533 0.04498579545454545
06 0.34875 0.316875 0.029969512195122006 0.058719512195122
08 0.721875 0.339375 0.026232142857142815 0.08873214285714282
