03 0.071875 0.6975 0.06373355263157894 0.14998355263157892
18 0.375625 0.5543750000000001 0.05124161073825506 0.05374161073825501
03 0.423125 0.11374999999999999 0.0937068965517241 0.04745689655172412
08 0.78 0.723125 0.04999444444444434 0.09374444444444441
00 0.880625 0.865 0.05123809523809508 0.04248809523809505
19 0.50375 0.40437500000000004 0.01749297752808987 0.02624297752808985
18 0.058125 0.61 0.04374509803921568 0.0474950980392157
07 0.053125000000000006 0.671875 0.02370689655172415 0.08370689655172403
18 0.80125 0.7987500000000001 0.04497844827586217 0.04747844827586223
08 0.41875 0.673125 0.06488636363636358 0.06363636363636371
01 0.18625 0.84875 0.059985795454545465 0.05748579545454535
18 0.1375 0.8943749999999999 0.04246951219512193 0.04621951219512199
20 0.405625 0.7975 0.038732142857142826 0.03498214285714285
09 0.8075 0.583125 0.06498749999999998 0.07623749999999996
