07 0.406875 0.80375 0.07123355263157888 0.029983552631578925
18 0.24687499999999998 0.391875 0.02874161073825504 0.0312416107382551
04 0.086875 0.5575 0.03620689655172413 0.029956896551724066
03 0.579375 0.42625 0.1837444444444445 0.09249444444444449
04 0.52 0.21187499999999998 0.04498809523809527 0.038738095238095266
11 0.065625 0.15562499999999999 0.04124297752808989 0.053742977528089875
15 0.936875 0.085 0.03624509803921572 0.1374950980392157
03 0.2975 0.13 0.032456896551724124 0.05245689655172414
11 0.60625 0.149375 0.047478448275862006 0.02622844827586207
03 0.978125 0.9606250000000001 0.02113636363636373 0.043636363636363806
08 0.10437500000000001 0.7106250000000001 0.05623579545454546 0.03623579545454525
03 0.5925 0.920625 0.07496951219512193 0.056219512195122
