14 0.06812499999999999 0.055625 0.038733552631578946 0.04623355263157895
03 0.53375 0.54 0.027491610738255123 0.04499161073825508
20 0.42000000000000004 0.8225 0.034956896551724126 0.03495689655172418
09 0.52625 0.136875 0.0374944444444445 0.02874444444444446
08 0.20625 0.424375 0.04248809523809527 0.033738095238095234
07 0.5950017556179776 0.34125 0.03499648876404493 0.04249297752808989
03 0.1625 0.655 0.027495098039215682 0.01999509803921573
02 0.21375 0.32625000000000004 0.034956896551724126 0.02995689655172412
10 0.36000538793103454 0.0525 0.02248922413793103 0.017478448275862063
00 0.928125 0.349375 0.023636363636363678 0.026136363636363624
10 0.701875 0.204375 0.03623579545454536 0.031235795454545467
