09 0.19875 0.435 0.02998355263157898 0.022483552631578863
20 0.39437500000000003 0.07750000000000001 0.013741610738255028 0.01249161073825504
01 0.9025000000000001 0.6775 0.019956896551724168 0.012456896551724217
07 0.328125 0.7362486111111111 0.02624444444444446 0.034997222222222124
12 0.323125 0.83125 0.07123809523809527 0.034988095238095096
03 0.14875 0.285625 0.03749297752808989 0.02624297752808985
14 0.9299999999999999 0.925625 0.02999509803921574 0.046245098039215726
03 0.41625 0.13624999999999998 0.019956896551724113 0.017456896551724138
03 0.31125 0.76375 0.06997844827586203 0.032478448275862215
07 0.5225 0.938125 0.06738636363636358 0.028636363636363793
02 0.34125 0.536875 0.04248579545454545 0.0762357954545454
