13 0.16875 0.12375 0.10248355263157895 0.08998355263157896
03 0.749375 0.34625 0.07624161073825486 0.04999161073825509
14 0.10624999999999998 0.78625 0.06495689655172414 0.0699568965517241
13 0.6656249999999999 0.94125 0.07624444444444445 0.07749444444444431
04 0.511875 0.808125 0.0487380952380953 0.03623809523809518
03 0.65625 0.26937500000000003 0.022492977528089764 0.07874297752808984
03 0.6387499999999999 0.08374999999999999 0.06249509803921571 0.0324950980392157
20 0.744375 0.023125 0.03370689655172421 0.031206896551724136
03 0.6712499999999999 0.045 0.04747844827586223 0.037478448275862074
06 0.5975 0.095625 0.11488636363636373 0.016136363636363643
03 0.496875 0.2525 0.026235795454545463 0.09998579545454545
15 0.900625 0.258125 0.016219512195121966 0.04121951219512199
02 0.32125000000000004 0.9199999999999999 0.052482142857142866 0.029982142857142846
