04 0.9425 0.455625 0.019983552631578805 0.018733552631578942
05 0.026874999999999996 0.1775 0.02124161073825503 0.02749161073825504
03 0.796875 0.840625 0.026206896551724146 0.023706896551724088
11 0.08375 0.6675 0.02749444444444446 0.029994444444444324
11 0.2175 0.09625 0.024988095238095254 0.024988095238095226
12 0.6375 0.039375 0.03499297752808983 0.02374297752808989
03 0.2625 0.11249999999999999 0.009995098039215722 0.05499509803921569
06 0.16812500000000002 0.233125 0.031206896551724123 0.02120689655172414
07 0.8600053879310344 0.580625 0.022489224137931085 0.036228448275862024
20 0.540625 0.49 0.016136363636363615 0.014886363636363587
08 0.958125 0.391875 0.031235795454545245 0.01623579545454551
20 0.299375 0.40125 0.018719512195122023 0.014969512195121992
03 0.8862544642857142 0.4575 0.02249107142857143 0.0399821428571428
03 0.079375 0.035625 0.00873750000000001 0.031237499999999998
