03 0.11125 0.149375 0.032483552631578955 0.031233552631578954
12 0.388125 0.45062500000000005 0.04624161073825506 0.03874161073825505
06 0.034375 0.92875 0.028706896551724138 0.08245689655172417
03 0.639375 0.17875 0.013744444444444448 0.017494444444444424
06 0.42374999999999996 0.9325 0.01998809523809525 0.02248809523809503
14 0.5518749999999999 0.55 0.03374297752808986 0.019992977528089928
12 0.16812500000000002 0.5800000000000001 0.031245098039215685 0.02999509803921574
03 0.82375 0.593125 0.039956896551724075 0.028706896551724093
10 0.884375 0.424375 0.03122844827586224 0.018728448275862064
16 0.95875 0.155625 0.03488636363636366 0.02363636363636365
02 0.9393750000000001 0.975625 0.013735795454545285 0.023735795454545294
08 0.4800076219512195 0.953125 0.034984756097560965 0.03121951219512198
