15 0.96875 0.06937499999999999 0.012483552631578965 0.018733552631578956
12 0.239375 0.18937500000000002 0.06374161073825504 0.041241610738255025
18 0.8912500000000001 0.84625 0.022456896551724115 0.02495689655172406
04 0.45625000000000004 0.026250000000000002 0.034994444444444495 0.034994444444444446
06 0.93875 0.74875 0.0399880952380951 0.024988095238095087
15 0.12312499999999998 0.206875 0.01374297752808988 0.023742977528089848
18 0.805625 0.880625 0.02374509803921565 0.02624509803921571
03 0.700625 0.354375 0.02120689655172414 0.028706896551724093
03 0.09625 0.8987499999999999 0.04747844827586206 0.02747844827586221
03 0.717471590909091 0.10375000000000001 0.04744318181818186 0.02738636363636364
14 0.921875 0.034999999999999996 0.0287357954545453 0.019985795454545454
03 0.2275 0.411875 0.05996951219512198 0.10621951219512199
05 0.34750000000000003 0.629375 0.034982142857142795 0.036232142857142824
01 0.22875 0.12625 0.01998750000000002 0.019987500000000005
