03 0.2675 0.06625 0.09498355263157898 0.037483552631578945
18 0.445 0.7068749999999999 0.034991610738255075 0.038741610738254884
06 0.260614224137931 0.5393749999999999 0.04622844827586209 0.06370689655172412
14 0.7537499999999999 0.191875 0.06749444444444441 0.06624444444444444
18 0.8868750000000001 0.6381249999999999 0.031238095238095176 0.033738095238095234
13 0.516875 0.8106249999999999 0.2912429775280898 0.1712429775280898
15 0.265625 0.073125 0.0512450980392157 0.0312450980392157
03 0.66 0.40937500000000004 0.04745689655172414 0.05620689655172412
20 0.043125 0.25 0.04622844827586206 0.032478448275862076
03 0.45 0.74 0.06488636363636358 0.04488636363636367
03 0.585625 0.971875 0.031235795454545467 0.0337357954545453
03 0.63 0.13875 0.012469512195121935 0.057469512195121975
