12 0.669375 0.31875 0.02123355263157889 0.042483552631578936
03 0.31999999999999995 0.46875 0.01749161073825506 0.024991610738255066
06 0.594375 0.0725 0.0387068965517241 0.06245689655172414
14 0.924375 0.551875 0.02874444444444435 0.02874444444444446
08 0.238125 0.466875 0.008738095238095267 0.021238095238095278
06 0.479375 0.91125 0.08124297752808984 0.012492977528089755
20 0.435 0.7731250000000001 0.022495098039215677 0.018745098039215757
11 0.565 0.036875000000000005 0.02495689655172406 0.023706896551724137
02 0.29312499999999997 0.561875 0.05122844827586209 0.018728448275862064
11 0.611875 0.949375 0.023636363636363567 0.03113636363636374
06 0.21000000000000002 0.3375 0.014985795454545453 0.032485795454545496
