09 0.76625 0.03125 0.03248355263157898 0.054983552631578954
18 0.5231250000000001 0.974375 0.01624161073825514 0.018741610738254977
13 0.791875 0.84875 0.016206896551724137 0.057456896551724146
12 0.47 0.13624999999999998 0.024994444444444486 0.02749444444444446
11 0.6399999999999999 0.405625 0.019988095238095194 0.018738095238095276
03 0.46375 0.71 0.019992977528089817 0.047492977528089786
04 0.5449999999999999 0.448125 0.01999509803921573 0.018745098039215646
01 0.04375 0.615 0.014956896551724143 0.01745689655172411
04 0.389375 0.10250000000000001 0.028728448275862017 0.024978448275862056
02 0.7362500000000001 0.6756249999999999 0.0173863636363637 0.028636363636363682
