14 0.816875 0.620625 0.01873355263157883 0.04623355263157891
06 0.5956270973154363 0.301875 0.09124580536912752 0.031241610738255043
03 0.6499999999999999 0.5075000000000001 0.019956896551724168 0.014956896551724053
01 0.1825 0.73375 0.027494444444444432 0.019994444444444426
04 0.17 0.1125 0.024988095238095254 0.027488095238095228
20 0.579375 0.44062500000000004 0.026242977528089906 0.021242977528089846
19 0.865 0.41500000000000004 0.024995098039215735 0.03499509803921569
11 0.031875 0.943125 0.02370689655172414 0.028706896551724093
18 0.24812499999999998 0.916875 0.018728448275862036 0.021228448275862233
02 0.46377840909090906 0.881875 0.027443181818181783 0.036136363636363744
12 0.858125 0.836875 0.041235795454545365 0.04623579545454526
07 0.711875 0.395 0.011219512195121961 0.047469512195121966
12 0.253125 0.12187500000000001 0.026232142857142815 0.028732142857142887
11 0.69 0.928125 0.02498750000000005 0.018737500000000074
