17 0.311875 0.573125 0.06373355263157893 0.06873355263157888
11 0.5643750000000001 0.74125 0.05874161073825512 0.059991610738254875
17 0.375625 0.078125 0.05120689655172411 0.05370689655172413
03 0.729375 0.6581250000000001 0.061244444444444435 0.05624444444444443
06 0.7949999999999999 0.5349999999999999 0.1599880952380951 0.06998809523809524
00 0.254375 0.17375 0.05374297752808982 0.05749297752808985
07 0.30562500000000004 0.49312500000000004 0.061245098039215684 0.046245098039215726
01 0.8700000000000001 0.31 0.032456896551724124 0.029956896551724177
08 0.90625 0.953125 0.049978448275862286 0.0587284482758621
08 0.16875 0.6475 0.06238636363636363 0.03738636363636372
03 0.7581249999999999 0.889375 0.031235795454545356 0.11123579545454532
