11 0.74125 0.323125 0.039983552631578934 0.031233552631578954
14 0.2875 0.66625 0.08499161073825506 0.024991610738254844
02 0.985 0.288125 0.01745689655172411 0.06870689655172413
06 0.8062499999999999 0.18312499999999998 0.07999444444444437 0.09874444444444444
14 0.60375 0.316875 0.02248809523809525 0.028738095238095285
03 0.548125 0.67875 0.06374297752808988 0.06249297752808991
03 0.853125 0.323125 0.038745098039215664 0.02624509803921571
03 0.18875 0.270625 0.02995689655172412 0.03120689655172415
03 0.7462553879310345 0.39 0.02748922413793109 0.029978448275862046
03 0.83375 0.420625 0.03238636363636371 0.038636363636363635
