20 0.955625 0.08562499999999999 0.018733552631578942 0.018733552631578942
02 0.72875 0.41000000000000003 0.02999161073825496 0.03499161073825502
02 0.41812499999999997 0.535 0.00870689655172413 0.03745689655172413
05 0.383125 0.46875 0.016244444444444506 0.019994444444444537
03 0.58125 0.6325 0.03248809523809526 0.037488095238095154
14 0.148125 0.44437499999999996 0.02874297752808988 0.031242977528089855
13 0.46124877450980395 0.08875 0.019997549019607874 0.047495098039215686
04 0.35875 0.466875 0.014956896551724108 0.02120689655172414
03 0.64375 0.7106250000000001 0.00997844827586214 0.03122844827586213
08 0.214375 0.6412500000000001 0.021136363636363675 0.029886363636363655
03 0.3725 0.60375 0.027485795454545436 0.029985795454545494
18 0.9456249999999999 0.19187500000000002 0.016219512195121966 0.018719512195121996
03 0.766875 0.35875 0.03373214285714288 0.027482142857142844
