08 0.103125 0.65875 0.013733552631578938 0.022483552631578863
04 0.903125 0.8325 0.026241610738254928 0.022491610738254897
19 0.745625 0.44562500000000005 0.016206896551724137 0.013706896551724135
10 0.904375 0.37 0.023744444444444346 0.027494444444444488
03 0.255 0.175 0.03248809523809526 0.03998809523809524
03 0.7637499999999999 0.355 0.06249297752808991 0.02999297752808988
01 0.190625 0.8031250000000001 0.02374509803921568 0.021245098039215704
10 0.513125 0.66375 0.028706896551724148 0.02745689655172412
16 0.8049999999999999 0.6275 0.03497844827586227 0.022478448275862095
06 0.638125 0.45687500000000003 0.026136363636363624 0.11363636363636359
18 0.048125 0.55125 0.013735795454545452 0.01748579545454554
