11 0.045625 0.548125 0.03373355263157895 0.031233552631578898
01 0.15999999999999998 0.963125 0.029991610738255042 0.028741610738254986
07 0.40125 0.8631249999999999 0.014956896551724164 0.10370689655172416
07 0.877501388888889 0.446875 0.03999722222222213 0.021244444444444455
14 0.655 0.4375 0.024988095238095087 0.0149880952380953
01 0.054375 0.5475 0.016242977528089883 0.01749297752808987
08 0.468125 0.97125 0.018745098039215702 0.042495098039215695
09 0.79875 0.016875 0.02745689655172412 0.028706896551724138
03 0.470625 0.378125 0.07372844827586211 0.03372844827586208
06 0.49624999999999997 0.6268750000000001 0.0973863636363636 0.02113636363636362
