03 0.0225 0.769375 0.014983552631578946 0.05623355263157892
14 0.5231250000000001 0.08 0.03374161073825499 0.062491610738255036
06 0.828125 0.10248922413793103 0.11370689655172406 0.03747844827586205
03 0.211875 0.59625 0.05374444444444443 0.057494444444444404
05 0.5293749999999999 0.538125 0.0462380952380953 0.023738095238095336
19 0.268125 0.859375 0.023742977528089848 0.05874297752808988
12 0.276875 0.09125 0.043745098039215724 0.0449950980392157
18 0.153125 0.64625 0.021206896551724114 0.024956896551724173
03 0.460625 0.899375 0.018728448275862064 0.06122844827586216
15 0.15875 0.37812500000000004 0.014886363636363642 0.03613636363636358
04 0.064375 0.701875 0.03373579545454546 0.0337357954545453
