06 0.828125 0.96 0.016233552631578885 0.03248355263157887
12 0.629375 0.8731249999999999 0.05374161073825501 0.04124161073825483
05 0.8325 0.700625 0.04495689655172419 0.02120689655172414
06 0.506875 0.7887500000000001 0.01624444444444445 0.04499444444444445
07 0.10250000000000001 0.6193720238095237 0.05998809523809524 0.07374404761904751
04 0.583125 0.368125 0.036242977528089915 0.023742977528089848
15 0.90625 0.15875 0.01999509803921562 0.032495098039215686
03 0.270625 0.20687499999999998 0.043706896551724134 0.03870689655172413
03 0.303125 0.14937499999999998 0.04372844827586203 0.03372844827586205
15 0.609375 0.176875 0.02863636363636357 0.018636363636363673
03 0.32125000000000004 0.77625 0.042485795454545505 0.062485795454545245
12 0.53 0.9075 0.057469512195121975 0.04496951219512202
01 0.47875 0.4375 0.02248214285714284 0.01748214285714278
15 0.525 0.9143749999999999 0.049987500000000074 0.036237500000000034
