03 0.236875 0.09812499999999999 0.08623355263157897 0.053733552631578946
00 0.23625 0.33625 0.04499161073825503 0.042491610738255026
14 0.10874999999999999 0.6775 0.06495689655172414 0.039956896551724075
14 0.055625 0.510625 0.07624444444444445 0.04124444444444447
08 0.841875 0.5562499999999999 0.03873809523809513 0.06748809523809529
01 0.046875 0.299375 0.031242977528089882 0.028742977528089853
12 0.660625 0.176875 0.05374509803921568 0.05624509803921568
18 0.30562500000000004 0.7893749999999999 0.028706896551724148 0.03120689655172415
13 0.55375 0.61375 0.09747844827586205 0.06747844827586214
03 0.955625 0.49124999999999996 0.061136363636363655 0.04488636363636361
11 0.24562499999999998 0.43937499999999996 0.04123579545454545 0.038735795454545474
