18 0.573125 0.431875 0.013733552631578938 0.016233552631578885
20 0.1925 0.15625 0.01999161073825506 0.014991610738255057
03 0.91625 0.051250000000000004 0.014956896551724164 0.027456896551724147
08 0.17812499999999998 0.825623611111111 0.028744444444444434 0.018747222222222137
11 0.16375 0.9606250000000001 0.02248809523809525 0.021238095238095167
06 0.941875 0.13 0.026242977528089906 0.014992977528089882
08 0.495625 0.07062377450980392 0.02624509803921571 0.036247549019607854
02 0.9425 0.473125 0.012456896551724217 0.041206896551724104
03 0.5925 0.819375 0.024978448275862042 0.026228448275862237
14 0.31937499999999996 0.514375 0.026136363636363624 0.026136363636363624
04 0.701875 0.9025 0.023735795454545294 0.027485795454545325
