14 0.5231250000000001 0.9143749999999999 0.051233552631578916 0.043733552631578854
18 0.7718750000000001 0.51125 0.03624161073825494 0.03999161073825508
12 0.43437499999999996 0.08625 0.05120689655172411 0.05995689655172414
13 0.4675 0.216875 0.12999444444444452 0.07874444444444445
18 0.5218750000000001 0.105625 0.03873809523809524 0.04123809523809524
03 0.8975 0.9524999999999999 0.032492977528089884 0.03499297752808983
10 0.6331249999999999 0.275625 0.05374509803921568 0.04874509803921567
03 0.24875 0.7168749999999999 0.019956896551724113 0.06370689655172412
06 0.2512553879310345 0.890625 0.052489224137931056 0.038728448275862304
06 0.374375 0.121875 0.03863636363636358 0.06863636363636363
18 0.5931249999999999 0.794375 0.03623579545454547 0.03873579545454542
