00 0.060625 0.775625 0.03623355263157896 0.026233552631578894
09 0.139375 0.930625 0.03624161073825505 0.03374161073825488
08 0.46187500000000004 0.8831249999999999 0.02620689655172409 0.05120689655172417
20 0.490625 0.39875 0.02874444444444446 0.022494444444444484
03 0.664375 0.8049999999999999 0.028738095238095118 0.019988095238095194
00 0.075625 0.8856250000000001 0.026242977528089892 0.023742977528089848
20 0.260625 0.579375 0.018745098039215646 0.013745098039215642
20 0.11937500000000001 0.7931250000000001 0.011206896551724119 0.011206896551724133
18 0.8300000000000001 0.12125 0.0174784482758622 0.01997844827586208
10 0.6412500000000001 0.45687500000000003 0.019886363636363646 0.018636363636363618
06 0.948125 0.285625 0.01873579545454529 0.07873579545454548
