16 0.973125 0.7112499999999999 0.0362335526315789 0.054983552631578836
20 0.7362500000000001 0.45687500000000003 0.024991610738254955 0.023741610738255037
01 0.14500000000000002 0.608125 0.01995689655172414 0.02120689655172414
07 0.1 0.13999861111111112 0.06999444444444446 0.047497222222222205
02 0.826875 0.433125 0.028738095238095118 0.056238095238095254
03 0.095625 0.26625 0.03624297752808989 0.03499297752808983
06 0.9137500000000001 0.32999999999999996 0.014995098039215615 0.029995098039215684
09 0.052500000000000005 0.075625 0.03995689655172414 0.036206896551724134
04 0.403125 0.9175 0.03872844827586208 0.03497844827586216
20 0.178125 0.34187500000000004 0.028636363636363682 0.028636363636363626
12 0.09937499999999999 0.77875 0.03873579545454546 0.03998579545454539
14 0.250625 0.441875 0.048719512195121994 0.023719512195121972
08 0.395625 0.475625 0.03123214285714282 0.04623214285714283
13 0.8600000000000001 0.3625 0.027487499999999998 0.06748750000000003
