14 0.15500000000000003 0.578125 0.169983552631579 0.08123355263157883
06 0.16750209731543625 0.85875 0.06249580536912752 0.08249161073825495
08 0.470625 0.6899892241379311 0.12370689655172418 0.2524784482758621
08 0.115625 0.524375 0.07124444444444444 0.14874444444444446
20 0.801875 0.345 0.0562380952380952 0.04748809523809522
07 0.92875 0.036875 0.10249297752808983 0.021242977528089887
03 0.10062499999999999 0.236875 0.04874509803921569 0.08624509803921568
02 0.63375 0.82125 0.10995689655172414 0.07245689655172416
03 0.52625 0.33875 0.05747844827586207 0.10747844827586206
03 0.28125 0.11 0.05488636363636368 0.09488636363636363
04 0.39749999999999996 0.148125 0.08498579545454549 0.07623579545454547
