03 0.155625 0.196875 0.07623355263157895 0.04623355263157897
03 0.43625 0.71875 0.012491610738255055 0.03499161073825485
00 0.500625 0.18875 0.04870689655172411 0.044956896551724135
04 0.826875 0.92375 0.0362444444444443 0.03249444444444438
05 0.80625 0.166875 0.037488095238095154 0.028738095238095257
06 0.753125 0.915 0.03374297752808986 0.019992977528089817
01 0.195 0.92625 0.03999509803921569 0.042495098039215695
08 0.784375 0.729375 0.04620689655172405 0.026206896551724146
11 0.9775 0.26187499999999997 0.03497844827586227 0.028728448275862045
15 0.74625 0.4275 0.022386363636363704 0.047386363636363615
18 0.8162499999999999 0.68375 0.02248579545454532 0.027485795454545325
03 0.641875 0.931875 0.023719512195122028 0.026219512195121975
