04 0.500625 0.5800000000000001 0.031233552631578954 0.029983552631578925
18 0.22999999999999998 0.64375 0.022491610738255036 0.024991610738254955
08 0.745 0.366875 0.05245689655172403 0.03120689655172415
12 0.6793750000000001 0.231875 0.03874444444444436 0.04624444444444442
01 0.784375 0.9806250000000001 0.023738095238095114 0.023738095238095114
03 0.7375 0.784375 0.01749297752808987 0.07624297752808984
03 0.891875 0.85375 0.04374509803921567 0.02999509803921563
18 0.42 0.0425 0.032456896551724124 0.03495689655172414
09 0.90125 0.35375 0.03747844827586211 0.029978448275862046
14 0.203125 0.5675 0.021136363636363675 0.0998863636363636
06 0.344375 0.84625 0.031235795454545467 0.029985795454545383
04 0.364375 0.674375 0.038719512195121986 0.02121951219512208
08 0.08812500000000001 0.26125 0.023732142857142854 0.06248214285714282
18 0.3025 0.379375 0.022487499999999994 0.026237500000000025
