06 0.4175 0.753125 0.04498355263157888 0.051233552631578916
01 0.42125 0.374375 0.022491610738255063 0.018741610738255032
02 0.7518750000000001 0.556875 0.0337068965517241 0.02120689655172414
14 0.08812500000000001 0.680625 0.028744444444444447 0.03874444444444436
04 0.12687500000000002 0.338125 0.02373809523809524 0.02373809523809528
07 0.061875 0.925 0.021242977528089894 0.012492977528089866
14 0.64125 0.849375 0.024995098039215735 0.023745098039215762
20 0.628125 0.56875 0.018706896551724195 0.014956896551724164
03 0.4225 0.41625 0.03247844827586205 0.0274784482758621
03 0.60625 0.033125 0.019886363636363646 0.018636363636363635
14 0.08625000000000001 0.6599999999999999 0.027485795454545464 0.029985795454545383
06 0.459375 0.67625 0.04621951219512194 0.029969512195122006
18 0.24 0.8474999999999999 0.014982142857142833 0.01748214285714289
