13 0.583125 0.8225 0.1137335526315788 0.04998355263157883
07 0.638125 0.395 0.056241610738254955 0.05749161073825504
03 0.14937499999999998 0.673125 0.03870689655172413 0.06120689655172418
02 0.24062499999999998 0.33875 0.06124444444444441 0.04999444444444445
20 0.6781250000000001 0.888125 0.023738095238095114 0.02623809523809506
08 0.29375 0.47875 0.03499297752808983 0.039992977528089835
18 0.414375 0.98 0.028745098039215655 0.032495098039215686
03 0.7825 0.84875 0.05995689655172409 0.02745689655172412
20 0.775625 0.9775 0.03122844827586224 0.029978448275862157
05 0.15375 0.9281250000000001 0.02238636363636365 0.0486363636363637
