12 0.13874999999999998 0.436875 0.022483552631578946 0.026233552631578894
14 0.074375 0.704375 0.018741610738255046 0.028741610738254875
04 0.9237500000000001 0.629375 0.022456896551724115 0.016206896551724137
15 0.464375 0.08812500000000001 0.04124444444444447 0.021244444444444455
18 0.82375 0.27375 0.017488095238095136 0.019988095238095305
03 0.608125 0.504375 0.06874297752808989 0.021242977528089846
18 0.574375 0.974375 0.0162450980392157 0.018745098039215646
20 0.865625 0.946875 0.018706896551724084 0.016206896551724137
02 0.76625 0.393125 0.024978448275862153 0.026228448275862015
10 0.439375 0.895625 0.011136363636363611 0.011136363636363722
