06 0.057499999999999996 0.346875 0.10498355263157894 0.008733552631578934
02 0.08125 0.19125 0.032491610738255045 0.05999161073825504
20 0.14875 0.379375 0.014956896551724136 0.013706896551724135
15 0.15875 0.094375 0.032494444444444465 0.018744444444444452
14 0.6387499999999999 0.423125 0.07998809523809525 0.021238095238095223
03 0.7224999999999999 0.36375 0.02499297752808982 0.052492977528089846
18 0.8868750000000001 0.583125 0.021245098039215704 0.023745098039215762
20 0.05625 0.64625 0.03495689655172414 0.03495689655172418
00 0.6599999999999999 0.39 0.039978448275862166 0.039978448275862055
06 0.18937500000000002 0.085625 0.11113636363636364 0.02863636363636364
15 0.485625 0.18125000000000002 0.05373579545454543 0.024985795454545462
08 0.4325 0.09062500000000001 0.057469512195121975 0.038719512195121944
