18 0.858125 0.8775 0.016233552631578885 0.01748355263157897
02 0.41374790268456374 0.10125 0.024995805369127544 0.027491610738255054
00 0.36812500000000004 0.26625 0.031206896551724095 0.032456896551724124
08 0.09187500000000001 0.8699986111111111 0.04624444444444446 0.02999722222222223
12 0.1375 0.1925 0.024988095238095226 0.027488095238095256
14 0.756875 0.5675 0.018742977528089844 0.022492977528089764
07 0.708125 0.5075000000000001 0.038745098039215664 0.012495098039215669
06 0.79875 0.11373922413793103 0.057456896551724146 0.05497844827586207
06 0.51625 0.91875 0.014978448275862144 0.04747844827586223
11 0.11624999999999999 0.92625 0.022386363636363635 0.03238636363636371
03 0.8306285511363637 0.19437500000000002 0.02624289772727262 0.05623579545454546
03 0.528125 0.86625 0.04871951219512194 0.019969512195121997
