09 0.200625 0.755 0.033733552631578956 0.05998355263157884
06 0.698125 0.943125 0.028741610738254986 0.008741610738254968
05 0.5725 0.3125 0.019956896551724057 0.04245689655172413
11 0.794375 0.20937499999999998 0.03874444444444436 0.02624444444444443
15 0.49687499999999996 0.926875 0.03123809523809523 0.021238095238095056
14 0.5137499999999999 0.18125000000000002 0.014992977528089813 0.029992977528089854
03 0.179375 0.468125 0.02374509803921568 0.03624509803921572
03 0.59625 0.349375 0.03745689655172413 0.043706896551724106
03 0.5543750000000001 0.454375 0.026228448275862015 0.038728448275862026
01 0.079375 0.28 0.03363636363636363 0.024886363636363706
03 0.626875 0.196875 0.05373579545454543 0.018735795454545456
20 0.605625 0.2175 0.018719512195122023 0.017469512195121994
