09 0.434375 0.37875000000000003 0.0362335526315789 0.02998355263157887
04 0.6893750000000001 0.579375 0.026241610738254928 0.02624161073825504
03 0.31937499999999996 0.739375 0.048706896551724166 0.0237068965517242
15 0.924375 0.558125 0.02874444444444435 0.061244444444444435
08 0.176875 0.32125000000000004 0.021238095238095278 0.03998809523809527
06 0.37437324438202246 0.845 0.08374648876404489 0.03749297752808989
04 0.45999999999999996 0.62 0.03499509803921569 0.027495098039215682
03 0.320625 0.921875 0.011206896551724133 0.02120689655172403
04 0.965625 0.15812500000000002 0.03372844827586219 0.038728448275862054
01 0.106875 0.30625 0.03363636363636363 0.02238636363636365
12 0.523125 0.221875 0.05123579545454543 0.061235795454545466
02 0.55 0.705 0.024969512195122 0.03246951219512195
