03 0.64375 0.186875 0.03248355263157887 0.013733552631578966
03 0.86625 0.6612499999999999 0.059991610738254875 0.09749161073825496
02 0.44375 0.920625 0.02745689655172412 0.01370689655172408
14 0.943125 0.764375 0.02874444444444435 0.013744444444444337
04 0.295 0.419375 0.017488095238095247 0.021238095238095278
03 0.200625 0.691875 0.011242977528089837 0.02124297752808979
03 0.47875 0.9862500000000001 0.009995098039215722 0.022495098039215677
13 0.03 0.640625 0.02495689655172414 0.05620689655172417
00 0.8 0.58375 0.0174784482758622 0.012478448275861975
20 0.0675 0.574375 0.01738636363636363 0.016136363636363615
06 0.085625 0.018750000000000003 0.013735795454545452 0.017485795454545455
06 0.39749999999999996 0.52875 0.022469512195122 0.01746951219512194
06 0.649375 0.743125 0.02123214285714281 0.018732142857142864
