18 0.6375 0.20750000000000002 0.029983552631578925 0.032483552631578955
10 0.5900000000000001 0.515 0.042491610738255026 0.03999161073825502
20 0.174375 0.85625 0.03620689655172413 0.02745689655172412
15 0.963125 0.42874999999999996 0.026244444444444293 0.01999444444444448
08 0.5675 0.920625 0.054988095238095225 0.031238095238095176
20 0.36875 0.4525 0.024992977528089877 0.019992977528089872
06 0.759375 0.295 0.06874509803921569 0.11499509803921568
06 0.121875 0.868739224137931 0.10620689655172413 0.06997844827586208
04 0.33125 0.9806250000000001 0.039978448275862055 0.036228448275862246
09 0.5131249999999999 0.055625 0.03613636363636358 0.05613636363636364
15 0.6968749999999999 0.6637500000000001 0.023735795454545294 0.024985795454545268
03 0.6950000000000001 0.354375 0.07996951219512194 0.038719512195121986
20 0.30437499999999995 0.20124999999999998 0.048732142857142835 0.047482142857142834
