18 0.71625 0.7987500000000001 0.019983552631578916 0.022483552631578863
03 0.254375 0.74125 0.021241610738255062 0.022491610738254897
20 0.116875 0.681875 0.016206896551724123 0.011206896551724133
12 0.32125000000000004 0.8025 0.052494444444444455 0.05999444444444435
06 0.380625 0.0775 0.031238095238095287 0.012488095238095243
07 0.24812499999999998 0.34687500000000004 0.03374297752808983 0.02624297752808985
04 0.859375 0.971875 0.02624509803921571 0.02624509803921571
08 0.5425 0.2525 0.03495689655172418 0.01745689655172411
15 0.01125 0.541875 0.00997844827586207 0.028728448275862073
07 0.9555965909090909 0.2475 0.04119318181818177 0.03488636363636366
