20 0.6112500000000001 0.8375 0.022483552631578863 0.017483552631578858
12 0.460625 0.419375 0.10374161073825505 0.07374161073825503
07 0.444375 0.35125 0.016206896551724137 0.057456896551724146
12 0.17562499999999998 0.8574999999999999 0.04624444444444445 0.04999444444444434
19 0.90875 0.6331249999999999 0.03248809523809515 0.04373809523809524
10 0.763125 0.8775 0.03874297752808975 0.03749297752808978
04 0.6487499999999999 0.27937500000000004 0.042495098039215695 0.02874509803921571
06 0.35563577586206896 0.5549999999999999 0.11372844827586204 0.032456896551724124
03 0.24062499999999998 0.385 0.11122844827586206 0.04747844827586206
06 0.63375 0.566875 0.027386363636363598 0.033636363636363575
