03 0.67625 0.525625 0.07998355263157886 0.08373355263157883
04 0.3125 0.56875 0.04499161073825508 0.027491610738255012
06 0.4475 0.801875 0.019956896551724113 0.16870689655172422
03 0.71 0.246875 0.05249444444444429 0.03624444444444444
01 0.4375 0.724375 0.03248809523809526 0.028738095238095118
03 0.5375 0.458125 0.16499297752808983 0.05624297752808982
01 0.490625 0.4175 0.023745098039215706 0.02499509803921568
03 0.21750000000000003 0.7581249999999999 0.07995689655172414 0.03870689655172421
20 0.5774999999999999 0.33687500000000004 0.05497844827586207 0.05122844827586209
03 0.745 0.051250000000000004 0.10238636363636378 0.062386363636363636
03 0.19124999999999998 0.08937500000000001 0.024985795454545462 0.04623579545454547
15 0.70625 0.859375 0.04996951219512191 0.033719512195121926
10 0.18125 0.379375 0.02498214285714284 0.021232142857142866
00 0.5531250000000001 0.24375000000000002 0.05623750000000005 0.037487500000000035
