14 0.715 0.69375 0.057483552631578894 0.07498355263157896
03 0.095 0.67875 0.05999161073825504 0.06999161073825488
03 0.9237500000000001 0.855625 0.022456896551724115 0.1537068965517241
06 0.2650013888888889 0.301875 0.0849972222222222 0.09874444444444447
03 0.106875 0.285625 0.05873809523809524 0.0437380952380953
14 0.238125 0.900625 0.05624297752808988 0.043742977528089866
20 0.15625 0.12625 0.03999509803921569 0.03999509803921569
04 0.125625 0.29875 0.05370689655172414 0.04245689655172413
02 0.2475 0.4325 0.12747844827586208 0.0949784482758621
20 0.781875 0.9325 0.04863636363636381 0.049886363636363784
03 0.10187500000000002 0.269375 0.07623579545454547 0.026235795454545463
01 0.11375 0.55375 0.04996951219512194 0.04496951219512202
