10 0.26625 0.200625 0.027483552631578978 0.01873355263157897
10 0.161875 0.86 0.023741610738255065 0.022491610738254897
03 0.24125 0.465625 0.034956896551724126 0.05870689655172412
06 0.26375000000000004 0.65625 0.027494444444444432 0.022494444444444373
18 0.6725000000000001 0.59125 0.02248809523809514 0.02498809523809531
20 0.675 0.755625 0.029992977528089937 0.028742977528089853
07 0.545625 0.49875 0.018745098039215646 0.06749509803921572
05 0.39751077586206895 0.11624999999999999 0.027478448275862044 0.04495689655172412
06 0.08562499999999999 0.663125 0.05122844827586206 0.07622844827586206
06 0.8487499999999999 0.589375 0.06738636363636374 0.08613636363636357
02 0.9075 0.660625 0.009985795454545365 0.05623579545454549
03 0.469375 0.663125 0.03121951219512198 0.03871951219512193
