07 0.359375 0.7893749999999999 0.016233552631578885 0.061233552631578925
03 0.916875 0.414375 0.018741610738254977 0.05874161073825501
03 0.06125 0.92625 0.024956896551724145 0.00995689655172416
05 0.19437500000000002 0.635 0.018744444444444425 0.04499444444444445
03 0.965 0.37875000000000003 0.037488095238095154 0.024988095238095254
01 0.709375 0.4975 0.016242977528089897 0.014992977528089813
03 0.1525 0.193125 0.01499509803921567 0.0462450980392157
06 0.5125 0.821875 0.029956896551724177 0.10870689655172416
03 0.705625 0.391875 0.028728448275862184 0.09372844827586208
08 0.052500000000000005 0.44937499999999997 0.054886363636363636 0.021136363636363564
01 0.849375 0.680625 0.03873579545454531 0.031235795454545356
03 0.09937499999999999 0.573125 0.03621951219512194 0.043719512195121935
