12 0.5375 0.103125 0.037483552631578876 0.038733552631578946
03 0.39625 0.6387499999999999 0.03999161073825508 0.01999161073825495
13 0.198125 0.675 0.05120689655172411 0.06745689655172404
08 0.6925 0.303125 0.012494444444444364 0.02624444444444446
18 0.715625 0.610625 0.01873809523809511 0.021238095238095278
02 0.7831250000000001 0.27937500000000004 0.023742977528089848 0.06124297752808988
01 0.084375 0.164375 0.016245098039215686 0.0162450980392157
08 0.803125 0.344375 0.016206896551724137 0.016206896551724137
19 0.21687499999999998 0.310625 0.03372844827586205 0.03372844827586208
02 0.1925 0.91875 0.07738636363636364 0.03488636363636377
20 0.9199999999999999 0.505625 0.03248579545454533 0.028735795454545465
06 0.1781173780487805 0.76 0.08373475609756098 0.07746951219512199
20 0.34125 0.23249999999999998 0.029982142857142846 0.027482142857142816
03 0.273125 0.580625 0.03123750000000003 0.02123749999999991
