12 0.731875 0.6675 0.02873355263157895 0.029983552631578925
05 0.32437499999999997 0.6625 0.016241610738255086 0.03999161073825497
16 0.974375 0.718125 0.0237068965517242 0.04120689655172405
03 0.649375 0.37 0.01124444444444439 0.02499444444444454
06 0.181875 0.7112499999999999 0.03123809523809526 0.012488095238095132
06 0.525625 0.2425 0.0312429775280898 0.05499297752808985
09 0.46000122549019606 0.6581250000000001 0.03249754901960783 0.021245098039215704
20 0.79625 0.23625000000000002 0.01745689655172411 0.014956896551724136
11 0.5700000000000001 0.20750000000000002 0.022478448275862095 0.022478448275862067
15 0.038125 0.848125 0.021136363636363634 0.036136363636363744
