02 0.6481250000000001 0.985625 0.016233552631578996 0.013733552631578938
14 0.97875 0.6131249999999999 0.01999161073825495 0.021241610738255035
03 0.43062500000000004 0.086875 0.02620689655172409 0.03620689655172413
01 0.053750000000000006 0.79375 0.014994444444444442 0.014994444444444421
03 0.9400029761904762 0.9724970238095239 0.024994047619047555 0.012494047619047488
12 0.244375 0.635 0.031242977528089827 0.04249297752808978
18 0.9437500000000001 0.40375 0.012495098039215669 0.014995098039215726
00 0.57375 0.8262499999999999 0.01745689655172411 0.012456896551724106
03 0.5387500000000001 0.8868750000000001 0.02747844827586199 0.01622844827586223
04 0.065625 0.38125 0.021136363636363627 0.01988636363636359
12 0.535625 0.10375 0.026235795454545463 0.027485795454545464
18 0.7206250000000001 0.34625 0.013719512195122019 0.01746951219512194
