19 0.55625 0.08312499999999999 0.03498355263157893 0.021233552631578945
05 0.391875 0.6043750000000001 0.016241610738255086 0.031241610738255043
02 0.33125 0.46187500000000004 0.012456896551724106 0.041206896551724104
15 0.43374999999999997 0.255 0.009994444444444472 0.019994444444444426
06 0.979375 0.491875 0.03873809523809513 0.03873809523809524
18 0.64 0.8575 0.014992977528089924 0.01749297752808987
04 0.8375 0.785 0.024995098039215735 0.027495098039215682
18 0.433125 0.231875 0.016206896551724137 0.01870689655172414
03 0.42874999999999996 0.296875 0.02247844827586204 0.036228448275862024
08 0.683125 0.11812500000000001 0.011136363636363722 0.021136363636363634
