03 0.42500000000000004 0.446875 0.05498355263157889 0.031233552631578898
10 0.1325 0.03937500000000001 0.03999161073825504 0.038741610738255036
14 0.20875 0.35875 0.05995689655172412 0.0724568965517241
13 0.5418750000000001 0.810625 0.0737444444444445 0.09624444444444435
10 0.7281249999999999 0.745625 0.023738095238095114 0.02623809523809517
03 0.2925 0.60875 0.08749297752808988 0.029992977528089826
04 0.8825000000000001 0.67875 0.052495098039215704 0.03499509803921563
06 0.171875 0.2775 0.043706896551724106 0.15745689655172415
18 0.286875 0.35562499999999997 0.028728448275862073 0.031228448275862075
05 0.303125 0.33187500000000003 0.05363636363636359 0.048636363636363644
