06 0.489375 0.28375 0.01123355263157888 0.04998355263157894
18 0.78625 0.62375 0.014991610738254835 0.017491610738255003
20 0.36312500000000003 0.128125 0.01620689655172408 0.013706896551724121
08 0.14875 0.6856249999999999 0.03749444444444444 0.016244444444444395
20 0.6924999999999999 0.611875 0.012488095238095132 0.016238095238095274
03 0.29500000000000004 0.67625 0.024992977528089877 0.03499297752808983
01 0.245 0.5843750000000001 0.014995098039215699 0.011245098039215695
08 0.268125 0.15998922413793104 0.03120689655172415 0.027478448275862072
01 0.788125 0.938125 0.018728448275862175 0.01372844827586217
01 0.6025 0.89 0.02488636363636354 0.019886363636363757
05 0.2175 0.6012500000000001 0.012485795454545479 0.029985795454545383
09 0.47687500000000005 0.3875 0.038719512195121986 0.019969512195121997
15 0.853125 0.79 0.01373214285714286 0.012482142857142775
04 0.09187500000000001 0.81375 0.02373750000000001 0.022487499999999994
