18 0.0625 0.090625 0.02748355263157895 0.02873355263157895
06 0.28500000000000003 0.171875 0.012491610738255055 0.08624161073825504
10 0.936875 0.26937500000000003 0.036206896551724155 0.0362068965517241
05 0.07 0.38249999999999995 0.04999444444444445 0.024994444444444486
03 0.383125 0.9025000000000001 0.026238095238095283 0.06748809523809507
04 0.09625 0.9125000000000001 0.044992977528089895 0.03499297752808983
14 0.2275 0.73875 0.08749509803921568 0.03999509803921564
20 0.05875 0.18625 0.03495689655172415 0.022456896551724115
14 0.639375 0.66 0.06372844827586222 0.06997844827586208
18 0.1125 0.820625 0.027386363636363625 0.03113636363636374
20 0.5662499999999999 0.8031250000000001 0.04498579545454551 0.041235795454545365
03 0.5368826219512195 0.54125 0.043734756097560945 0.02496951219512189
10 0.104375 0.32 0.03373214285714286 0.029982142857142846
