13 0.17749588815789474 0.155625 0.08999177631578947 0.08373355263157896
04 0.325625 0.6525 0.03624161073825505 0.022491610738254897
20 0.56125 0.5625 0.03495689655172418 0.029956896551724066
05 0.6950000000000001 0.303125 0.03499444444444444 0.02624444444444446
12 0.765 0.74625 0.04998809523809511 0.05998809523809512
03 0.275625 0.765 0.08624297752808985 0.12999297752808991
14 0.6581250000000001 0.910625 0.018745098039215757 0.046245098039215726
03 0.09375 0.446875 0.04245689655172413 0.04620689655172411
04 0.081875 0.93125 0.03872844827586207 0.024978448275862153
03 0.77625 0.036875 0.029886363636363766 0.03613636363636363
06 0.20124999999999998 0.145625 0.11748579545454549 0.08123579545454547
14 0.29375 0.305625 0.03246951219512195 0.03621951219512198
