05 0.31187499999999996 0.06625 0.018733552631578942 0.024983552631578955
03 0.88375 0.531875 0.022491610738254897 0.06874161073825502
18 0.4275 0.613125 0.014956896551724164 0.016206896551724137
20 0.063125 0.41500000000000004 0.021244444444444448 0.014994444444444477
15 0.788125 0.516875 0.023738095238095114 0.02873809523809523
04 0.39812499999999995 0.590625 0.02624297752808985 0.023742977528089848
03 0.88625 0.18125 0.017495098039215673 0.0449950980392157
03 0.3575 0.068125 0.02745689655172412 0.02120689655172415
01 0.88875 0.170625 0.022478448275862206 0.016228448275862062
03 0.225 0.07625 0.03738636363636366 0.024886363636363623
03 0.84625 0.528125 0.03998579545454539 0.0187357954545454
07 0.03311737804878048 0.384375 0.02873475609756097 0.026219512195121975
06 0.336875 0.673125 0.05623214285714284 0.01373214285714286
01 0.510625 0.92125 0.02123750000000002 0.019987500000000047
