12 0.390625 0.62125 0.09623355263157896 0.09998355263157888
15 0.125 0.610625 0.02249161073825505 0.038741610738254995
20 0.10875 0.37875000000000003 0.032456896551724124 0.024956896551724117
13 0.435 0.50875 0.09249444444444455 0.13499444444444447
04 0.12875 0.11750000000000001 0.029988095238095216 0.044988095238095244
15 0.18500175561797755 0.6225 0.06499648876404493 0.049992977528089955
06 0.35125 0.16437377450980392 0.12249509803921566 0.06624754901960783
18 0.121875 0.4425 0.02870689655172412 0.02995689655172412
06 0.1 0.59875 0.12497844827586208 0.01747844827586209
00 0.06812499999999999 0.5506249999999999 0.04863636363636363 0.033636363636363575
