03 0.141875 0.15687500000000001 0.023733552631578947 0.01623355263157894
15 0.138125 0.636875 0.02624161073825504 0.021241610738254924
10 0.26937500000000003 0.74875 0.01620689655172408 0.014956896551724164
11 0.5125 0.236875 0.01749444444444448 0.016244444444444422
08 0.114375 0.249375 0.03873809523809524 0.018738095238095248
06 0.034375 0.25 0.033742977528089885 0.03749297752808986
06 0.130625 0.6012500000000001 0.013745098039215684 0.0674950980392156
12 0.206875 0.484375 0.028706896551724148 0.028706896551724093
13 0.123125 0.443125 0.04372844827586206 0.0587284482758621
18 0.58875 0.2875 0.014886363636363642 0.017386363636363644
