03 0.763125 0.26375000000000004 0.033733552631578845 0.034983552631578985
03 0.2525 0.5681229026845638 0.06249161073825504 0.04874580536912754
05 0.5549999999999999 0.798125 0.014956896551724053 0.026206896551724146
20 0.7975 0.53625 0.012494444444444364 0.012494444444444586
12 0.156875 0.14625 0.03123809523809526 0.034988095238095235
03 0.6174999999999999 0.57875 0.02499297752808982 0.03749297752808989
03 0.27625 0.8106249999999999 0.029995098039215684 0.021245098039215704
18 0.064375 0.984375 0.018706896551724146 0.02120689655172403
13 0.07375 0.75875 0.07747844827586206 0.039978448275862166
01 0.138125 0.7462500000000001 0.023636363636363622 0.0173863636363637
03 0.13375 0.1275 0.06498579545454547 0.029985795454545452
