03 0.7 0.465625 0.027483552631578978 0.0362335526315789
03 0.11625 0.04562499999999999 0.044991610738255056 0.06624161073825502
05 0.765 0.513125 0.024956896551724173 0.016206896551724026
20 0.266875 0.826875 0.018744444444444397 0.01874444444444434
06 0.671875 0.2825 0.011238095238095047 0.022488095238095307
20 0.29374999999999996 0.275 0.009992977528089864 0.01249297752808981
20 0.69 0.3825 0.01999509803921573 0.01999509803921573
06 0.59375 0.19 0.024956896551724173 0.019956896551724113
03 0.8 0.435 0.032478448275862215 0.032478448275862104
11 0.466875 0.915625 0.02113636363636362 0.02113636363636373
03 0.29625 0.52875 0.017485795454545483 0.022485795454545543
04 0.35875 0.3575 0.024969512195122 0.024969512195122
03 0.6343794642857143 0.839375 0.011241071428571447 0.02373214285714287
