15 0.16875 0.895 0.10998355263157895 0.10248355263157893
15 0.8356250000000001 0.5943750000000001 0.09374161073825482 0.05124161073825506
03 0.635625 0.90625 0.046206896551724164 0.08745689655172417
12 0.44437499999999996 0.599375 0.09374444444444446 0.0887444444444444
20 0.70875 0.145625 0.06498809523809512 0.056238095238095254
10 0.275 0.54875 0.12499297752808985 0.09999297752808983
11 0.29 0.5231250000000001 0.08999509803921565 0.05374509803921568
10 0.37124999999999997 0.1275 0.07495689655172416 0.04245689655172413
07 0.704375 0.13624999999999998 0.15372844827586218 0.14497844827586207
03 0.17562500000000003 0.114375 0.08613636363636365 0.04613636363636364
11 0.79 0.36375 0.09748579545454528 0.11248579545454546
03 0.37312500000000004 0.595 0.231219512195122 0.087469512195122
02 0.31062500000000004 0.073125 0.08123214285714281 0.06873214285714287
03 0.329375 0.665 0.2337375 0.12498750000000003
