11 0.879375 0.12125 0.02873355263157884 0.022483552631578918
15 0.565 0.36812500000000004 0.017491610738255114 0.05624161073825501
10 0.36812500000000004 0.458125 0.01870689655172414 0.013706896551724135
03 0.266875 0.16999999999999998 0.01624444444444445 0.06999444444444444
16 0.458125 0.464375 0.033738095238095234 0.021238095238095278
07 0.8318749999999999 0.605 0.10624297752808987 0.06749297752808991
15 0.790625 0.45875 0.013745098039215753 0.009995098039215722
09 0.359375 0.40625 0.028706896551724093 0.02745689655172412
04 0.725 0.235 0.024978448275862153 0.027478448275862072
00 0.445625 0.44375 0.023636363636363567 0.014886363636363587
20 0.97 0.178125 0.017485795454545316 0.013735795454545452
03 0.260625 0.7875000000000001 0.016219512195121966 0.014969512195121992
05 0.426875 0.585 0.02373214285714287 0.019982142857142837
