08 0.678125 0.933125 0.02873355263157884 0.06373355263157887
05 0.07750209731543625 0.6112500000000001 0.039995805369127516 0.027491610738255123
03 0.939375 0.8718642241379311 0.0387068965517241 0.02372844827586207
10 0.215 0.863125 0.03249444444444444 0.023744444444444346
15 0.416875 0.411875 0.041238095238095296 0.028738095238095285
15 0.251875 0.6543749999999999 0.013742977528089867 0.036242977528089804
06 0.715625 0.68625 0.0987450980392156 0.10749509803921564
12 0.431875 0.82875 0.06120689655172412 0.049956896551724084
17 0.8300000000000001 0.441875 0.039978448275862166 0.031228448275862075
03 0.226875 0.15625 0.028636363636363682 0.04238636363636364
11 0.9375 0.46687500000000004 0.03998579545454528 0.038735795454545474
20 0.28937500000000005 0.40625 0.04371951219512199 0.03496951219512201
