09 0.625625 0.35562499999999997 0.016233552631578885 0.07373355263157894
04 0.861875 0.43625 0.038741610738254884 0.02499161073825501
06 0.224375 0.11 0.021206896551724114 0.16995689655172413
15 0.691875 0.271875 0.05624444444444432 0.04374444444444442
05 0.33187500000000003 0.27625 0.028738095238095285 0.05498809523809525
02 0.6025 0.650625 0.07499297752808987 0.046242977528089924
08 0.2375 0.313125 0.0174950980392157 0.05624509803921568
03 0.6875 0.11249999999999999 0.032456896551724235 0.07745689655172415
02 0.36375 0.736875 0.06747844827586208 0.10372844827586214
11 0.42125 0.69625 0.03988636363636361 0.03738636363636372
15 0.5725 0.69375 0.022485795454545432 0.03998579545454528
03 0.724375 0.42125 0.04871951219512205 0.05246951219512197
03 0.42125 0.6018749999999999 0.03498214285714285 0.026232142857142926
