03 0.22 0.126875 0.01998355263157897 0.013733552631578924
06 0.9199979026845637 0.8887499999999999 0.037495805369127444 0.04749161073825492
06 0.7575000000000001 0.83875 0.012456896551724106 0.049956896551724084
20 0.24375000000000002 0.484375 0.019994444444444454 0.02124444444444451
03 0.171875 0.9199999999999999 0.018738095238095276 0.04748809523809505
06 0.105625 0.6618732443820226 0.021242977528089887 0.016246488764044886
03 0.8518749999999999 0.40125 0.04124509803921572 0.03749509803921569
03 0.676875 0.85875 0.04120689655172405 0.049956896551724084
10 0.3875 0.345 0.019978448275862037 0.02247844827586204
12 0.5974999999999999 0.188125 0.05238636363636362 0.03613636363636366
18 0.8787499999999999 0.81625 0.012485795454545312 0.01498579545454537
05 0.316875 0.164375 0.013719512195121963 0.03121951219512195
04 0.7049955357142856 0.37749999999999995 0.02249107142857143 0.017482142857142835
15 0.8274999999999999 0.605 0.03748750000000001 0.022487499999999994
