08 0.5775 0.785625 0.07498355263157896 0.06373355263157887
18 0.21875 0.26375 0.04749161073825503 0.04999161073825506
10 0.5862499999999999 0.50125 0.057456896551724035 0.05245689655172414
05 0.72 0.5475 0.07499444444444436 0.039994444444444444
03 0.321875 0.28875 0.05873809523809531 0.09498809523809526
18 0.21437499999999998 0.641875 0.04374297752808984 0.04624297752808981
18 0.92875 0.733125 0.04999509803921576 0.05124509803921573
08 0.47625 0.884375 0.03745689655172413 0.07870689655172414
14 0.49125 0.308125 0.05497844827586207 0.031228448275862075
11 0.24562499999999998 0.8887499999999999 0.07113636363636364 0.057386363636363735
06 0.29000355113636367 0.848125 0.03749289772727277 0.04623579545454537
18 0.30625 0.20875 0.04496951219512196 0.04746951219512199
02 0.360625 0.273125 0.05123214285714278 0.06623214285714285
03 0.15875 0.68625 0.05248750000000002 0.047487500000000016
