04 0.58375 0.44562500000000005 0.027483552631578867 0.02373355263157889
11 0.769375 0.29312499999999997 0.02374161073825487 0.023741610738255037
03 0.7224999999999999 0.600625 0.00995689655172416 0.02120689655172414
12 0.745 0.23875000000000002 0.03249444444444438 0.03249444444444441
03 0.246875 0.169375 0.016238095238095274 0.018738095238095276
04 0.14125 0.09375 0.022492977528089902 0.017492977528089898
03 0.37 0.513125 0.014995098039215726 0.05374509803921568
11 0.65375 0.335625 0.019956896551724168 0.02120689655172414
06 0.09937499999999999 0.5225 0.026228448275862057 0.029978448275862046
14 0.90375 0.6399715909090908 0.019886363636363646 0.014943181818181883
15 0.8287500000000001 0.354375 0.03248579545454533 0.02123579545454546
03 0.04375 0.29375 0.007469512195121944 0.027469512195121948
