06 0.42562088815789473 0.71 0.06374177631578948 0.0674835526315789
20 0.9125 0.865625 0.022491610738254897 0.02374161073825487
07 0.47063577586206895 0.64125 0.05122844827586209 0.014956896551724164
12 0.406875 0.704375 0.04124444444444447 0.05624444444444432
07 0.291875 0.26375 0.021238095238095278 0.06248809523809526
03 0.7993732443820225 0.178125 0.043746488764044966 0.021242977528089846
03 0.571875 0.23625000000000002 0.02624509803921571 0.049995098039215674
08 0.6637500000000001 0.1225 0.04495689655172408 0.03745689655172413
20 0.01625 0.5662499999999999 0.014978448275862073 0.012478448275862086
04 0.879375 0.7012499999999999 0.033636363636363686 0.03488636363636377
