03 0.580625 0.83375 0.06873355263157899 0.07498355263157896
20 0.78375 0.771875 0.03999161073825486 0.04124161073825494
20 0.308125 0.954375 0.0362068965517241 0.0337068965517241
03 0.794375 0.114375 0.05624444444444443 0.03624444444444447
13 0.35562499999999997 0.54125 0.1062380952380953 0.0824880952380953
20 0.15312499999999998 0.18375000000000002 0.043742977528089866 0.029992977528089854
03 0.90375 0.64125 0.03749509803921569 0.0474950980392157
11 0.241875 0.9212499999999999 0.046206896551724164 0.04245689655172413
10 0.24562499999999998 0.7262500000000001 0.04372844827586206 0.039978448275862166
09 0.793125 0.6525000000000001 0.043636363636363695 0.047386363636363726
20 0.6287499999999999 0.828125 0.04248579545454534 0.041235795454545254
