20 0.1275 0.8075 0.01998355263157893 0.017483552631578858
15 0.5137499999999999 0.510625 0.01999161073825506 0.01624161073825503
05 0.186875 0.07875 0.02870689655172412 0.014956896551724136
09 0.725625 0.89 0.023744444444444346 0.02499444444444432
06 0.52625 0.723125 0.009988095238095296 0.023738095238095114
18 0.604375 0.556875 0.016242977528089897 0.018742977528089844
05 0.938125 0.05500000000000001 0.013745098039215753 0.03249509803921569
03 0.94375 0.8525 0.014956896551724164 0.02495689655172406
03 0.940625 0.34687500000000004 0.013728448275862282 0.02622844827586207
03 0.35 0.440625 0.027386363636363598 0.023636363636363567
03 0.8062499999999999 0.1687423780487805 0.01746951219512194 0.014984756097560975
03 0.58875 0.796875 0.01748214285714278 0.026232142857142815
19 0.286875 0.18937500000000002 0.018737500000000018 0.036237500000000006
