04 0.138125 0.19437500000000002 0.036233552631578944 0.036233552631578986
12 0.75875 0.08875 0.04749161073825492 0.049991610738255046
06 0.81875 0.934375 0.0074568965517241015 0.11870689655172406
11 0.17625 0.053125 0.03749444444444444 0.028744444444444447
10 0.74 0.039375 0.037488095238095154 0.03123809523809523
00 0.38187499999999996 0.383125 0.048742977528089815 0.028742977528089853
06 0.968125 0.9 0.008745098039215637 0.03749509803921569
10 0.14687499999999998 0.34062499999999996 0.03620689655172413 0.028706896551724148
10 0.09187500000000001 0.30937499999999996 0.033728448275862064 0.031228448275862075
18 0.046875 0.3275 0.023636363636363636 0.027386363636363653
07 0.08375 0.7350000000000001 0.05248579545454546 0.03248579545454533
14 0.24812499999999998 0.888125 0.026219512195121975 0.026219512195121975
