03 0.09125 0.32625 0.01748355263157894 0.04498355263157894
04 0.4525 0.45875 0.022491610738255063 0.01999161073825506
19 0.29374999999999996 0.053125000000000006 0.024956896551724117 0.016206896551724144
13 0.355 0.8162499999999999 0.0399944444444445 0.07999444444444437
03 0.355 0.15750000000000003 0.04498809523809527 0.044988095238095244
12 0.0875 0.78375 0.049992977528089885 0.032492977528089884
03 0.8431249999999999 0.020000000000000004 0.06374509803921569 0.02249509803921569
00 0.071875 0.08374999999999999 0.031206896551724143 0.02495689655172413
05 0.12 0.2975 0.014978448275862075 0.03497844827586205
03 0.1525 0.34875 0.027386363636363653 0.0298863636363636
02 0.7637499999999999 0.25625 0.02248579545454532 0.032485795454545496
09 0.8612500000000001 0.8300000000000001 0.022469512195122054 0.03746951219512196
03 0.288125 0.093125 0.03123214285714282 0.02623214285714287
04 0.056874999999999995 0.743125 0.02623749999999999 0.023737500000000078
