10 0.09937499999999999 0.6243749999999999 0.023733552631578933 0.02123355263157889
15 0.42375 0.518125 0.014991610738255057 0.031241610738255043
03 0.8674999999999999 0.69 0.08245689655172417 0.02745689655172423
07 0.07250000000000001 0.4575 0.01749444444444445 0.0374944444444445
01 0.8400000000000001 0.47125 0.03248809523809515 0.027488095238095256
08 0.6637500000000001 0.490625 0.04499297752808984 0.048742977528089815
10 0.975 0.385 0.02999509803921563 0.022495098039215677
09 0.30000000000000004 0.605 0.019956896551724113 0.0549568965517242
20 0.6512500000000001 0.5643750000000001 0.02747844827586221 0.02372844827586207
20 0.4475 0.484375 0.034886363636363604 0.03363636363636363
07 0.6056250000000001 0.784375 0.04873579545454543 0.048735795454545316
04 0.83875 0.104375 0.029969512195122006 0.028719512195121935
