03 0.5075 0.9275 0.05748355263157884 0.029983552631578814
02 0.204375 0.295625 0.03624161073825505 0.07624161073825503
03 0.429375 0.35875 0.02120689655172414 0.03745689655172413
06 0.279375 0.6799999999999999 0.06624444444444441 0.08749444444444443
13 0.45 0.16625 0.19498809523809524 0.07748809523809524
00 0.73625 0.8375 0.049992977528089844 0.049992977528089844
03 0.41000000000000003 0.405625 0.022495098039215733 0.04624509803921567
15 0.073125 0.12375 0.09870689655172413 0.032456896551724124
04 0.294375 0.45625 0.03872844827586208 0.024978448275862042
03 0.16812500000000002 0.936875 0.026136363636363652 0.033636363636363686
05 0.825 0.531875 0.02248579545454532 0.05873579545454555
