03 0.21375 0.20375 0.03248355263157898 0.012483552631578992
01 0.69 0.56375 0.014991610738254946 0.012491610738254999
03 0.051250000000000004 0.09625 0.05245689655172414 0.049956896551724125
12 0.294375 0.55625 0.031244444444444408 0.029994444444444435
01 0.760625 0.9437500000000001 0.011238095238095047 0.012488095238095132
09 0.464375 0.2525 0.031242977528089855 0.022492977528089875
06 0.320625 0.270625 0.028745098039215655 0.06374509803921569
05 0.7749999999999999 0.89125 0.032456896551724124 0.019956896551724057
09 0.494375 0.1025 0.031228448275862075 0.019978448275862065
03 0.105625 0.130625 0.08863636363636362 0.041136363636363624
00 0.9424999999999999 0.29874999999999996 0.02248579545454532 0.017485795454545483
