01 0.12125 0.885 0.01248355263157895 0.012483552631578965
15 0.04875 0.288125 0.007491610738255029 0.02624161073825504
05 0.09812499999999999 0.5393749999999999 0.028706896551724134 0.026206896551724035
05 0.027500000000000004 0.648123611111111 0.03749444444444445 0.023747222222222142
20 0.5075000000000001 0.49 0.022488095238095307 0.019988095238095305
09 0.946875 0.615 0.018742977528089844 0.03749297752808989
06 0.148125 0.0325 0.0787450980392157 0.03999509803921569
16 0.843125 0.2375 0.036206896551724155 0.024956896551724145
18 0.60625 0.1825 0.022478448275862095 0.02497844827586207
03 0.3775 0.97875 0.014886363636363642 0.02738636363636382
07 0.489375 0.668125 0.008735795454545503 0.058735795454545325
03 0.538125 0.52125 0.03371951219512204 0.022469512195121943
08 0.143125 0.07500000000000001 0.01623214285714286 0.01998214285714285
