18 0.4675 0.420625 0.034983552631578874 0.0362335526315789
01 0.511875 0.460625 0.03624161073825499 0.03624161073825505
01 0.16999999999999998 0.40375 0.052456896551724114 0.032456896551724124
01 0.60875 0.518125 0.05499444444444457 0.056244444444444486
08 0.498125 0.56125 0.08123809523809522 0.02248809523809525
05 0.39249999999999996 0.454375 0.02999297752808988 0.07124297752808989
03 0.6112500000000001 0.12 0.024995098039215624 0.057495098039215695
18 0.5081249999999999 0.475 0.0337068965517241 0.034956896551724126
03 0.2375 0.5818749999999999 0.039978448275862055 0.05622844827586204
03 0.8456250000000001 0.41000000000000003 0.05613636363636376 0.04988636363636362
06 0.5918749999999999 0.7875 0.10373579545454537 0.09248579545454527
