03 0.9237500000000001 0.674375 0.07998355263157897 0.018733552631578942
06 0.704375 0.20750000000000002 0.013741610738254861 0.08749161073825507
06 0.321875 0.348739224137931 0.06370689655172412 0.04747844827586206
15 0.8987499999999999 0.049375 0.007494444444444359 0.04874444444444445
14 0.351875 0.44999999999999996 0.09123809523809523 0.024988095238095254
20 0.911875 0.655 0.018742977528089844 0.019992977528089817
17 0.02375 0.061875 0.032495098039215686 0.041245098039215694
03 0.31937499999999996 0.5575 0.023706896551724144 0.06245689655172404
03 0.70375 0.624375 0.012478448275862197 0.026228448275862126
04 0.21375 0.86375 0.027386363636363653 0.024886363636363762
20 0.655 0.620625 0.027485795454545325 0.02873579545454552
