00 0.5543750000000001 0.1125 0.03873355263157896 0.029983552631578952
06 0.549375 0.9525 0.07124161073825508 0.06499161073825488
06 0.4175 0.90375 0.06495689655172415 0.04495689655172408
03 0.5425 0.94625 0.047494444444444506 0.04499444444444434
20 0.5275 0.14125 0.019988095238095305 0.01748809523809522
20 0.349375 0.211875 0.018742977528089844 0.021242977528089846
03 0.47687500000000005 0.379375 0.018745098039215702 0.02874509803921571
09 0.266875 0.6275 0.031206896551724095 0.03495689655172407
20 0.369375 0.095625 0.03622844827586208 0.028728448275862073
08 0.31875 0.75 0.014886363636363642 0.06488636363636369
08 0.34750355113636366 0.4625 0.04499289772727272 0.04498579545454545
18 0.326875 0.355625 0.023719512195121972 0.026219512195121975
