03 0.670625 0.4175 0.0362335526315789 0.02498355263157892
09 0.47875 0.11375 0.04499161073825508 0.029991610738255042
09 0.09187500000000001 0.306875 0.018706896551724125 0.04870689655172411
14 0.8075 0.16249999999999998 0.04499444444444434 0.04249444444444442
20 0.723125 0.020624999999999998 0.016238095238095163 0.016238095238095236
14 0.41625175561797756 0.73875 0.009996488764044964 0.02499297752808982
03 0.65125 0.905625 0.017495098039215673 0.10374509803921561
10 0.165 0.593125 0.03745689655172413 0.028706896551724093
14 0.25125 0.109375 0.03247844827586205 0.036228448275862066
06 0.06562499999999999 0.5449999999999999 0.01613636363636363 0.02488636363636354
14 0.078125 0.299375 0.03873579545454546 0.03873579545454542
03 0.236875 0.03125 0.03371951219512195 0.017469512195121953
05 0.7543794642857142 0.724375 0.031241071428571465 0.026232142857142815
