20 0.23062500000000002 0.44 0.02873355263157898 0.02498355263157892
09 0.45375 0.45062500000000005 0.03749161073825502 0.033741610738255046
03 0.610625 0.59375 0.01370689655172408 0.03495689655172418
01 0.29312499999999997 0.181875 0.03624444444444447 0.021244444444444427
20 0.01125 0.859375 0.012488095238095236 0.011238095238095047
18 0.59375 0.41625 0.019992977528089817 0.022492977528089875
00 0.76875 0.1225 0.027495098039215682 0.022495098039215677
04 0.19875 0.908125 0.02995689655172412 0.026206896551724146
13 0.508125 0.1275 0.05122844827586209 0.07747844827586205
14 0.5643750000000001 0.86375 0.04613636363636353 0.022386363636363704
14 0.21687499999999998 0.08374999999999999 0.038735795454545446 0.03748579545454546
14 0.29875 0.10062499999999999 0.024969512195122 0.04371951219512195
