18 0.255625 0.95875 0.011233552631578991 0.014983552631578911
07 0.6225 0.76875 0.02999161073825507 0.01999161073825484
03 0.59625 0.8075 0.049956896551724195 0.019956896551724057
07 0.69625 0.9025000000000001 0.014994444444444421 0.037494444444444386
08 0.048125 0.32625 0.016238095238095232 0.037488095238095265
03 0.6231249999999999 0.396875 0.03374297752808986 0.03374297752808986
12 0.75125 0.546875 0.027495098039215682 0.031245098039215602
03 0.8275 0.755625 0.009956896551724048 0.018706896551724084
04 0.433125 0.966875 0.02372844827586207 0.021228448275862233
05 0.22499999999999998 0.07750000000000001 0.02488636363636368 0.019886363636363633
03 0.02 0.66875 0.012485795454545456 0.019985795454545374
04 0.44375 0.042499999999999996 0.01996951219512194 0.02246951219512195
03 0.8606294642857143 0.022500000000000003 0.038741071428571416 0.02248214285714286
19 0.896875 0.5175 0.013737499999999958 0.022487499999999994
