08 0.624375 0.913125 0.07873355263157888 0.04873355263157897
13 0.50125 0.6568749999999999 0.06499161073825505 0.178741610738255
20 0.384375 0.135625 0.03870689655172416 0.028706896551724134
10 0.6056250000000001 0.36312500000000003 0.043744444444444475 0.03374444444444452
20 0.48187499999999994 0.390625 0.06123809523809526 0.03623809523809529
03 0.539375 0.16624999999999998 0.0812429775280899 0.08249297752808987
06 0.24625000000000002 0.15125 0.0174950980392157 0.08249509803921568
01 0.5706249999999999 0.82375 0.06620689655172407 0.04245689655172413
03 0.491875 0.515 0.05622844827586204 0.07747844827586214
04 0.46499999999999997 0.41937500000000005 0.059886363636363626 0.0611363636363636
01 0.065625 0.91875 0.03873579545454547 0.029985795454545383
06 0.47250762195121954 0.88375 0.017484756097561005 0.17746951219512197
03 0.6825 0.353125 0.06248214285714293 0.038732142857142826
