01 0.916875 0.46875 0.043733552631578965 0.037483552631578876
00 0.379375 0.1825 0.04874161073825506 0.029991610738255042
18 0.7887500000000001 0.36312500000000003 0.029956896551724177 0.031206896551724095
03 0.911875 0.235 0.06374444444444438 0.029994444444444407
03 0.501875 0.445625 0.04123809523809524 0.021238095238095278
01 0.45562499999999995 0.9475 0.02624297752808985 0.024992977528089932
13 0.27625 0.23625000000000002 0.1574950980392157 0.1149950980392157
13 0.753125 0.48187499999999994 0.12620689655172412 0.0987068965517241
15 0.299375 0.899375 0.03372844827586208 0.01372844827586217
12 0.175 0.6200000000000001 0.04488636363636364 0.04988636363636367
