03 0.5018750000000001 0.67375 0.051233552631578916 0.037483552631578876
03 0.20750000000000002 0.656875 0.01749161073825503 0.04124161073825494
18 0.98625 0.323125 0.01745689655172411 0.018706896551724084
03 0.2575 0.466875 0.027494444444444405 0.03124444444444452
18 0.3225 0.06375 0.017488095238095247 0.01998809523809523
06 0.94625 0.82375 0.06499297752808986 0.03499297752808983
00 0.37375 0.66625 0.02499509803921568 0.01999509803921562
05 0.360625 0.543125 0.023706896551724144 0.036206896551724155
02 0.5425 0.408125 0.05247844827586201 0.028728448275862073
02 0.436875 0.044375 0.018636363636363618 0.06113636363636363
03 0.06625 0.753125 0.02998579545454546 0.03623579545454525
18 0.01375 0.89125 0.01996951219512195 0.022469512195121943
