10 0.076875 0.26 0.023733552631578947 0.01748355263157897
15 0.875625 0.913125 0.018741610738254977 0.021241610738254924
08 0.595 0.07125 0.01745689655172411 0.01995689655172414
15 0.48 0.61625 0.01999444444444448 0.01749444444444448
09 0.32437499999999997 0.901875 0.018738095238095276 0.02623809523809517
08 0.731875 0.283125 0.028742977528089853 0.018742977528089844
07 0.8200000000000001 0.22499877450980393 0.01999509803921573 0.03249754901960786
09 0.81 0.8443750000000001 0.02745689655172423 0.03120689655172415
10 0.75625 0.401875 0.022478448275862206 0.02372844827586207
03 0.7324999999999999 0.1275 0.06988636363636369 0.019886363636363646
13 0.310625 0.69625 0.051235795454545485 0.15498579545454538
