06 0.38875 0.75125 0.009983552631578907 0.16998355263157894
13 0.5775 0.268125 0.09499161073825513 0.16874161073825503
08 0.545625 0.8824892241379311 0.04870689655172411 0.08247844827586204
09 0.58875 0.5081249999999999 0.05499444444444457 0.09624444444444447
04 0.346875 0.87 0.0462380952380953 0.05748809523809517
03 0.15499999999999997 0.629375 0.05749297752808988 0.11624297752808987
15 0.094375 0.121875 0.061245098039215684 0.028745098039215683
11 0.566875 0.125 0.053706896551724115 0.03745689655172413
03 0.201875 0.77125 0.09372844827586208 0.06747844827586214
14 0.8275 0.475 0.1323863636363638 0.022386363636363593
08 0.906875 0.4675 0.03623579545454536 0.0374857954545455
