03 0.264375 0.630625 0.023733552631579002 0.04873355263157886
02 0.200625 0.42874999999999996 0.03874161073825505 0.027491610738255068
09 0.2375 0.7106250000000001 0.017456896551724138 0.0337068965517241
03 0.535625 0.385625 0.04624444444444453 0.026244444444444515
18 0.44999999999999996 0.11 0.01998809523809525 0.022488095238095224
08 0.785625 0.09125 0.043742977528089866 0.02749297752808988
00 0.94 0.971875 0.027495098039215793 0.021245098039215704
14 0.76625 0.9299999999999999 0.02745689655172412 0.029956896551724177
06 0.80875 0.15625 0.03249999999999997 0.08497844827586205
04 0.798125 0.358125 0.026136363636363735 0.018636363636363618
