01 0.5943750000000001 0.875 0.02123355263157889 0.014983552631578911
03 0.553125 0.2975 0.01624161073825503 0.042491610738255026
15 0.10500000000000001 0.76 0.017456896551724124 0.01745689655172411
02 0.42499861111111115 0.9125000000000001 0.06999722222222221 0.037494444444444386
13 0.6975 0.605625 0.044988095238095216 0.08623809523809522
03 0.31625000000000003 0.805625 0.04249297752808984 0.06374297752808988
04 0.85375 0.8049999999999999 0.02999509803921563 0.022495098039215677
06 0.455 0.29625 0.01745689655172411 0.024956896551724117
10 0.05187499999999999 0.8668750000000001 0.026228448275862064 0.018728448275862175
06 0.766875 0.6737500000000001 0.09113636363636379 0.014886363636363753
