04 0.056249999999999994 0.2625 0.06498355263157894 0.047483552631578996
19 0.1775 0.51625 0.03999161073825505 0.04999161073825498
03 0.855 0.19437500000000002 0.04245689655172413 0.10620689655172413
03 0.605 0.280625 0.08749444444444443 0.06374444444444441
06 0.14937500000000004 0.58125 0.14373809523809528 0.04248809523809527
08 0.7268749999999999 0.6375 0.053742977528089875 0.09499297752808988
03 0.33875 0.376875 0.042495098039215695 0.05374509803921568
06 0.45 0.33999999999999997 0.1224568965517242 0.11245689655172414
03 0.5918749999999999 0.87 0.04622844827586203 0.06747844827586214
15 0.775 0.243125 0.05238636363636373 0.08863636363636368
06 0.640625 0.505 0.011235795454545339 0.05248579545454546
09 0.774375 0.6568750000000001 0.07871951219512197 0.09871951219512198
04 0.39625 0.8175 0.057482142857142815 0.05248214285714292
20 0.045 0.93875 0.022487499999999994 0.022487499999999994
