04 0.28625 0.948125 0.014983552631578967 0.013733552631578938
12 0.16999999999999998 0.09562499999999999 0.022491610738255036 0.02374161073825505
08 0.224375 0.894375 0.006206896551724128 0.016206896551724137
11 0.359375 0.26375000000000004 0.02124444444444451 0.022494444444444428
03 0.47750000000000004 0.7024999999999999 0.022488095238095307 0.03248809523809515
13 0.84375 0.24375000000000002 0.019992977528089817 0.06499297752808988
11 0.9143749999999999 0.981875 0.021245098039215704 0.01624509803921559
03 0.026885775862068965 0.1325 0.011228448275862071 0.027456896551724133
03 0.6893750000000001 0.12375 0.01622844827586223 0.012478448275862072
06 0.44562500000000005 0.485 0.046136363636363587 0.03238636363636366
06 0.940625 0.41500000000000004 0.058735795454545325 0.022485795454545487
00 0.6075 0.27375 0.019969512195121997 0.019969512195121997
03 0.774375 0.941875 0.053732142857142784 0.02123214285714281
