07 0.861875 0.58375 0.10123355263157896 0.029983552631578814
03 0.5856250000000001 0.63125 0.021241610738255035 0.03999161073825497
18 0.791875 0.041875 0.02120689655172403 0.023706896551724144
20 0.821875 0.49124999999999996 0.026244444444444293 0.024994444444444486
15 0.69875 0.44437499999999996 0.04998809523809511 0.018738095238095276
03 0.39625 0.5 0.032492977528089884 0.039992977528089835
03 0.614375 0.075625 0.023745098039215762 0.06374509803921569
06 0.925 0.9762500000000001 0.10745689655172408 0.03495689655172407
04 0.476875 0.7625 0.036228448275862024 0.02747844827586221
04 0.13624999999999998 0.28625 0.029886363636363628 0.029886363636363655
13 0.738125 0.16249999999999998 0.0912357954545453 0.039985795454545475
15 0.73125 0.06812499999999999 0.00746951219512193 0.031219512195121937
