18 0.18375 0.8981250000000001 0.01748355263157897 0.018733552631578942
14 0.369375 0.6681250000000001 0.018741610738255032 0.038741610738254884
08 0.8675 0.376864224137931 0.03745689655172413 0.008728448275862055
10 0.770625 0.895625 0.0212444444444444 0.0212444444444444
20 0.48624999999999996 0.619375 0.024988095238095254 0.026238095238095283
03 0.1225 0.0875 0.024992977528089877 0.05249297752808989
15 0.795625 0.4575 0.028745098039215655 0.032495098039215686
08 0.39875 0.930625 0.03745689655172413 0.016206896551724137
03 0.743125 0.38 0.01622844827586223 0.03747844827586211
06 0.70625 0.401875 0.04488636363636378 0.04113636363636358
