03 0.1275 0.443125 0.07998355263157896 0.0962335526315789
08 0.704375 0.425 0.046241610738254946 0.05749161073825504
15 0.423125 0.701875 0.06870689655172413 0.08370689655172414
06 0.776875 0.864375 0.031244444444444408 0.16874444444444436
03 0.094375 0.39375 0.02873809523809523 0.04248809523809527
06 0.118125 0.28125 0.026242977528089878 0.06999297752808986
01 0.56125 0.459375 0.049995098039215646 0.043745098039215724
17 0.90125 0.079375 0.07745689655172416 0.061206896551724135
03 0.651875 0.895625 0.04122844827586214 0.06372844827586222
15 0.9612499999999999 0.515625 0.032386363636363824 0.07363636363636356
07 0.445625 0.04 0.05623579545454549 0.06748579545454546
