03 0.2525 0.5874999999999999 0.03998355263157896 0.022483552631578863
03 0.470625 0.569375 0.01624161073825503 0.04124161073825505
09 0.81625 0.96375 0.024956896551724173 0.024956896551724173
20 0.375625 0.80875 0.016244444444444506 0.012494444444444364
03 0.45499999999999996 0.06125 0.014988095238095245 0.014988095238095238
20 0.7424999999999999 0.13 0.014992977528089813 0.017492977528089884
07 0.7649999999999999 0.849375 0.022495098039215677 0.013745098039215753
11 0.35750000000000004 0.33875 0.019956896551724113 0.019956896551724168
18 0.6268750000000001 0.553125 0.016228448275862006 0.018728448275862064
13 0.8668750000000001 0.645625 0.12363636363636366 0.06613636363636366
