15 0.35 0.95 0.017483552631578914 0.04248355263157888
03 0.129375 0.23625 0.03124161073825503 0.05999161073825504
09 0.5687500000000001 0.27 0.06245689655172415 0.044956896551724135
18 0.8875 0.17125 0.0624944444444443 0.06499444444444444
03 0.124375 0.77625 0.06123809523809523 0.11748809523809522
15 0.43812675561797754 0.04 0.13374648876404494 0.05499297752808989
03 0.4475 0.85875 0.08499509803921568 0.05499509803921576
00 0.27 0.44625000000000004 0.0674568965517241 0.044956896551724135
14 0.278125 0.265 0.09372844827586205 0.08247844827586207
01 0.75 0.41125 0.04238636363636372 0.037386363636363606
07 0.56375 0.31625000000000003 0.10998579545454545 0.17248579545454548
13 0.21937500000000001 0.4225 0.116219512195122 0.10746951219512196
11 0.79 0.8925000000000001 0.05998214285714287 0.05998214285714287
