10 0.6756249999999999 0.579375 0.018733552631578942 0.013733552631578938
03 0.12000000000000001 0.9075 0.044991610738255056 0.024991610738254955
19 0.9575 0.544375 0.014956896551724164 0.036206896551724044
03 0.808125 0.535625 0.023744444444444346 0.02874444444444446
15 0.8025 0.3175 0.024988095238095198 0.03498809523809526
04 0.5231250000000001 0.555625 0.026242977528089795 0.023742977528089848
15 0.551875 0.20875 0.018750000000000044 0.014995098039215699
20 0.28125 0.15625 0.029956896551724177 0.02995689655172412
10 0.8925000000000001 0.2025 0.024978448275862264 0.02497844827586207
16 0.835625 0.8475 0.02113636363636373 0.039886363636363775
20 0.6387499999999999 0.451875 0.029985795454545383 0.021235795454545514
08 0.075 0.180625 0.02746951219512194 0.05371951219512194
06 0.6793750000000001 0.424375 0.02123214285714281 0.08623214285714287
04 0.4875 0.520625 0.029987499999999945 0.023737499999999967
