18 0.7275 0.11125 0.01748355263157897 0.019983552631578944
11 0.90875 0.365625 0.029991610738254848 0.02624161073825504
06 0.39812499999999995 0.781864224137931 0.06120689655172412 0.043728448275862086
18 0.475625 0.831875 0.02124444444444451 0.023744444444444346
03 0.7550029761904762 0.97 0.014994047619047546 0.037488095238095154
10 0.905625 0.109375 0.036242977528089915 0.023742977528089876
03 0.274375 0.5081249999999999 0.0512450980392157 0.04124509803921572
04 0.2525 0.464375 0.024956896551724145 0.02120689655172414
07 0.2625 0.794375 0.07997844827586209 0.036228448275862246
07 0.245625 0.791875 0.03613636363636369 0.013636363636363669
03 0.753125 0.22 0.023735795454545294 0.02498579545454549
04 0.7625 0.194375 0.029969512195121895 0.023719512195121972
