04 0.171875 0.8262499999999999 0.03623355263157896 0.04248355263157888
03 0.73375 0.954375 0.03499161073825485 0.031241610738254932
18 0.114375 0.89125 0.021206896551724128 0.024956896551724173
06 0.6174999999999999 0.513125 0.10249444444444444 0.048744444444444535
03 0.233125 0.959375 0.04123809523809524 0.02623809523809517
11 0.790625 0.44562500000000005 0.04124297752808981 0.02624297752808985
13 0.3225 0.814375 0.03999509803921569 0.0787450980392157
03 0.92125 0.409375 0.019956896551724057 0.036206896551724155
03 0.919375 0.46687500000000004 0.0337284482758623 0.08372844827586207
10 0.30624999999999997 0.34562499999999996 0.04238636363636361 0.04113636363636358
03 0.231875 0.254375 0.03373579545454547 0.051235795454545485
04 0.301875 0.311875 0.03121951219512198 0.018719512195121968
03 0.6368750000000001 0.31562500000000004 0.011232142857142802 0.023732142857142813
15 0.16749999999999998 0.61375 0.08498750000000002 0.08248750000000005
