10 0.546875 0.169375 0.026233552631578894 0.031233552631578954
13 0.545625 0.500625 0.031241610738255043 0.06874161073825502
10 0.42625 0.40875 0.01745689655172411 0.014956896551724164
03 0.43875 0.47125 0.0374944444444445 0.027494444444444488
18 0.06687499999999999 0.16375 0.01373809523809523 0.014988095238095245
03 0.651875 0.879375 0.03874297752808986 0.026242977528089906
07 0.37875000000000003 0.095 0.06999509803921572 0.012495098039215696
07 0.06248922413793104 0.130625 0.027478448275862072 0.028706896551724134
03 0.428125 0.42562500000000003 0.03622844827586208 0.02622844827586207
04 0.823125 0.50625 0.02113636363636373 0.02238636363636365
14 0.64375 0.48250000000000004 0.019985795454545374 0.022485795454545487
06 0.721875 0.731875 0.04121951219512199 0.07371951219512207
