03 0.036250000000000004 0.41812499999999997 0.02248355263157895 0.0337335526315789
03 0.97125 0.785625 0.0274916107382549 0.03624161073825494
20 0.296875 0.784375 0.023706896551724088 0.026206896551724146
07 0.84 0.599375 0.02499444444444432 0.036244444444444524
15 0.083125 0.195625 0.02873809523809523 0.048738095238095275
02 0.775 0.20875 0.039992977528089835 0.029992977528089854
03 0.8143750000000001 0.865 0.031245098039215713 0.03749509803921569
05 0.025625000000000002 0.568125 0.023706896551724137 0.0387068965517241
02 0.36375 0.335625 0.029978448275862046 0.10122844827586208
20 0.05375 0.6575 0.024886363636363637 0.024886363636363762
04 0.37312500000000004 0.141875 0.02373579545454546 0.02123579545454546
19 0.025625000000000002 0.785625 0.01121951219512195 0.02121951219512197
03 0.514375 0.7887500000000001 0.03123214285714282 0.029982142857142846
