01 0.308125 0.930625 0.033733552631578956 0.02873355263157895
11 0.9425 0.823125 0.03499161073825485 0.021241610738254924
06 0.428125 0.384375 0.06620689655172413 0.04370689655172416
02 0.745 0.924375 0.029994444444444435 0.026244444444444404
12 0.26187499999999997 0.59375 0.03373809523809529 0.037488095238095376
06 0.5393749999999999 0.33687500000000004 0.08624297752808985 0.03624297752808986
05 0.08499999999999999 0.124375 0.044995098039215684 0.021245098039215676
15 0.241875 0.506875 0.04870689655172414 0.04870689655172411
20 0.8687499999999999 0.15999999999999998 0.03747844827586222 0.02497844827586207
06 0.31687499999999996 0.7025 0.04613636363636364 0.10738636363636367
06 0.16125 0.136875 0.017485795454545483 0.06873579545454549
01 0.819375 0.22375 0.04871951219512194 0.037469512195121984
11 0.5856294642857143 0.708125 0.028741071428571408 0.02123214285714292
