04 0.080625 0.06749999999999999 0.028733552631578937 0.029983552631578946
03 0.474375 0.77375 0.02624161073825504 0.0849916107382549
14 0.655625 0.18562499999999998 0.0237068965517242 0.03620689655172413
03 0.565 0.59125 0.0274944444444446 0.029994444444444546
03 0.425 0.38125 0.02248809523809525 0.03998809523809527
01 0.360625 0.635 0.0187429775280899 0.014992977528089924
01 0.148125 0.764375 0.02374509803921568 0.018745098039215646
13 0.48375 0.666875 0.062456896551724095 0.05620689655172417
20 0.3625 0.275 0.01747844827586209 0.014978448275862088
19 0.65125 0.065625 0.022386363636363704 0.03613636363636363
