03 0.8612500000000001 0.36187499999999995 0.06498355263157884 0.12623355263157893
13 0.648125 0.526875 0.361241610738255 0.08624161073825504
09 0.27249999999999996 0.29937499999999995 0.044956896551724135 0.07120689655172413
20 0.28312499999999996 0.4275 0.048744444444444424 0.0424944444444445
08 0.78125 0.20187500000000003 0.09248809523809509 0.08623809523809525
03 0.71 0.15125 0.039992977528089835 0.04749297752808987
14 0.43125 0.18125000000000002 0.07249509803921567 0.0749950980392157
20 0.037500000000000006 0.333125 0.03495689655172414 0.023706896551724088
06 0.84375 0.62625 0.01997844827586226 0.12747844827586208
04 0.155625 0.6950000000000001 0.06363636363636366 0.04238636363636383
13 0.07625000000000001 0.3075 0.10748579545454547 0.07748579545454548
