14 0.309375 0.406875 0.018733552631578942 0.02373355263157889
02 0.46499999999999997 0.955625 0.02499161073825501 0.021241610738254812
15 0.82375 0.784375 0.00995689655172416 0.02120689655172414
03 0.6399999999999999 0.3425 0.05249444444444451 0.02249444444444454
03 0.693125 0.9237500000000001 0.013738095238095216 0.03248809523809515
17 0.81375 0.159375 0.02499297752808982 0.031242977528089855
08 0.6937500000000001 0.965 0.009995098039215722 0.049995098039215646
14 0.230625 0.498125 0.041206896551724104 0.03120689655172415
01 0.315 0.71 0.014978448275862033 0.012478448275862197
04 0.98125 0.76125 0.022386363636363815 0.01738636363636381
01 0.11812500000000001 0.731875 0.011235795454545464 0.008735795454545392
00 0.14937499999999998 0.38375000000000004 0.01871951219512194 0.017469512195121994
20 0.98 0.7675 0.012482142857142886 0.014982142857142833
