00 0.47625 0.215 0.02498355263157892 0.01998355263157897
13 0.11687499999999999 0.371875 0.06624161073825505 0.12624161073825502
08 0.81625 0.514375 0.03745689655172413 0.048706896551724166
10 0.73375 0.395625 0.02499444444444432 0.02874444444444446
03 0.18625000000000003 0.918125 0.07498809523809527 0.0712380952380951
00 0.178125 0.6525 0.028742977528089853 0.019992977528089817
04 0.240625 0.65875 0.033745098039215715 0.032495098039215686
06 0.30000000000000004 0.528125 0.024956896551724117 0.016206896551724137
00 0.47125 0.14375 0.032478448275862104 0.019978448275862065
03 0.5775 0.7581249999999999 0.027386363636363598 0.051136363636363646
08 0.52 0.2875 0.0349857954545455 0.03998579545454545
