14 0.973125 0.8456250000000001 0.03873355263157885 0.02873355263157895
17 0.44937499999999997 0.08687500000000001 0.023741610738255037 0.033741610738255046
14 0.8006249999999999 0.15 0.02120689655172414 0.019956896551724113
03 0.518125 0.09875 0.033744444444444466 0.04499444444444445
03 0.9081250000000001 0.25687499999999996 0.021238095238095167 0.05123809523809525
20 0.923125 0.15375 0.016242977528089897 0.012492977528089866
03 0.794375 0.32125000000000004 0.021245098039215704 0.03999509803921569
02 0.2625 0.354375 0.04745689655172414 0.1012068965517241
20 0.6287499999999999 0.903125 0.022478448275862095 0.021228448275862122
03 0.54125 0.356875 0.027386363636363598 0.02113636363636362
03 0.34875 0.034999999999999996 0.027485795454545436 0.05248579545454545
