12 0.278125 0.17875 0.021233552631579 0.022483552631578974
18 0.9450000000000001 0.829375 0.014991610738254946 0.01624161073825492
15 0.31875 0.6581250000000001 0.014956896551724108 0.008706896551724186
03 0.6125 0.825625 0.014994444444444421 0.013744444444444448
16 0.180625 0.7175 0.018738095238095276 0.03248809523809515
03 0.083125 0.83875 0.011242977528089892 0.03499297752808994
04 0.774375 0.8775 0.0162450980392157 0.01999509803921573
18 0.329375 0.980625 0.013706896551724135 0.016206896551724137
06 0.59125 0.026250000000000002 0.022478448275862095 0.014978448275862075
08 0.15065340909090907 0.1775 0.00619318181818182 0.01488636363636367
18 0.36624999999999996 0.28625 0.017485795454545483 0.019985795454545485
