14 0.641875 0.32 0.06623355263157893 0.039983552631578934
12 0.278125 0.2425 0.056241610738255066 0.04749161073825503
02 0.736875 0.48624999999999996 0.04620689655172405 0.019956896551724113
18 0.5431250000000001 0.321875 0.023744444444444457 0.02624444444444446
07 0.764375 0.213125 0.041238095238095074 0.07373809523809527
06 0.24812499999999998 0.786875 0.028742977528089825 0.0312429775280898
04 0.33125 0.03125 0.027495098039215682 0.022495098039215688
03 0.671875 0.423125 0.05120689655172406 0.08620689655172414
03 0.41312499999999996 0.13625 0.04372844827586203 0.03247844827586206
04 0.313125 0.037500000000000006 0.028636363636363626 0.029886363636363635
03 0.391875 0.314375 0.036235795454545416 0.02123579545454546
03 0.344375 0.59 0.038719512195121986 0.019969512195121997
