03 0.6975 0.88 0.03498355263157893 0.017483552631578858
03 0.4075 0.6993750000000001 0.029991610738255015 0.03624161073825494
03 0.82875 0.21875 0.04495689655172419 0.04245689655172413
00 0.5875 0.924375 0.029994444444444435 0.023744444444444457
12 0.8262499999999999 0.8456250000000001 0.034988095238095096 0.041238095238095185
05 0.11374999999999999 0.07062500000000001 0.02999297752808988 0.03124297752808989
11 0.3025 0.7593749999999999 0.029995098039215684 0.031245098039215713
06 0.26875000000000004 0.425 0.04995689655172414 0.07995689655172411
10 0.385 0.195625 0.0274784482758621 0.018728448275862064
01 0.674375 0.903125 0.026136363636363735 0.028636363636363682
01 0.515 0.643125 0.019985795454545485 0.016235795454545343
08 0.7418750000000001 0.77625 0.023719512195122028 0.039969512195122014
12 0.39625 0.056874999999999995 0.027482142857142844 0.041232142857142856
08 0.42500000000000004 0.371875 0.0299875 0.04123750000000004
