11 0.221875 0.250625 0.04373355263157899 0.046233552631578995
03 0.6875 0.495 0.017491610738255003 0.029991610738255015
03 0.6412500000000001 0.79375 0.04245689655172413 0.06745689655172404
03 0.389375 0.73625 0.08124444444444451 0.03249444444444438
03 0.076875 0.880625 0.04123809523809523 0.04623809523809519
01 0.82125 0.893125 0.029992977528089826 0.023742977528089848
18 0.2375 0.310625 0.027495098039215682 0.031245098039215713
01 0.9550000000000001 0.111875 0.019956896551724168 0.013706896551724135
20 0.7 0.3775 0.02747844827586221 0.0274784482758621
14 0.32875 0.56125 0.02488636363636365 0.027386363636363598
