07 0.7225 0.524375 0.057483552631578894 0.04623355263157891
03 0.865 0.77625 0.052491610738254924 0.12749161073825488
20 0.05437500000000001 0.8125 0.04370689655172414 0.029956896551724066
15 0.70375 0.5237499999999999 0.019994444444444426 0.03499444444444444
11 0.395625 0.51625 0.061238095238095314 0.04748809523809533
02 0.72 0.195625 0.039992977528089835 0.05874297752808985
13 0.196875 0.860625 0.1287450980392157 0.0787450980392157
05 0.655 0.420625 0.03495689655172418 0.06120689655172412
00 0.37875000000000003 0.27749999999999997 0.05997844827586202 0.04747844827586206
15 0.75625 0.615 0.05488636363636368 0.07738636363636375
14 0.33625 0.22312500000000002 0.06248579545454547 0.048735795454545455
15 0.795625 0.108125 0.06621951219512201 0.06121951219512195
03 0.799375 0.22 0.08873214285714293 0.03248214285714285
03 0.190625 0.6487499999999999 0.1212375 0.0849875000000001
