17 0.15937500000000002 0.65875 0.02623355263157895 0.029983552631578925
12 0.43374999999999997 0.845625 0.04249161073825508 0.03374161073825488
03 0.574375 0.46499999999999997 0.036206896551724155 0.02245689655172417
03 0.19625 0.15249999999999997 0.014994444444444421 0.019994444444444454
03 0.145625 0.45875 0.03123809523809526 0.049988095238095276
14 0.385 0.456875 0.014992977528089868 0.028742977528089853
04 0.869375 0.75125 0.02624509803921571 0.027495098039215682
03 0.8374999999999999 0.454375 0.019956896551724168 0.031206896551724095
05 0.8999999999999999 0.6375 0.0174784482758622 0.032478448275862104
06 0.78625 0.181875 0.07238636363636375 0.01613636363636367
