03 0.3025 0.6675 0.022483552631578974 0.08498355263157897
03 0.25187499999999996 0.9493750000000001 0.033741610738255046 0.046241610738254946
00 0.401875 0.25 0.041206896551724104 0.02745689655172412
18 0.306875 0.755 0.023744444444444457 0.027494444444444266
18 0.085625 0.240625 0.03623809523809522 0.038738095238095294
16 0.38187499999999996 0.14437499999999998 0.05374297752808982 0.033742977528089885
06 0.5312512254901961 0.464375 0.06999754901960786 0.05374509803921568
08 0.7462500000000001 0.12937500000000002 0.022456896551724115 0.04120689655172413
08 0.815625 0.23125 0.018728448275862175 0.027478448275862072
20 0.74 0.40249999999999997 0.02738636363636382 0.024886363636363595
18 0.869375 0.15250000000000002 0.021235795454545237 0.024985795454545462
