14 0.570625 0.8968750000000001 0.04623355263157891 0.018733552631578942
03 0.146875 0.38625 0.02624161073825504 0.03499161073825502
10 0.49875 0.224375 0.027456896551724175 0.026206896551724118
09 0.1925 0.7462500000000001 0.04499444444444442 0.04999444444444434
06 0.6268779761904761 0.595625 0.056244047619047666 0.10123809523809513
10 0.074375 0.9524999999999999 0.02374297752808989 0.022492977528089875
04 0.9512499999999999 0.6468750000000001 0.032495098039215686 0.021245098039215704
11 0.27749999999999997 0.078125 0.02995689655172412 0.02120689655172414
10 0.065625 0.5425 0.02372844827586207 0.019978448275862037
13 0.13374999999999998 0.683125 0.02238636363636362 0.16613636363636364
