10 0.301875 0.801875 0.018733552631578942 0.013733552631578938
03 0.896875 0.653125 0.011241610738254915 0.026241610738254928
01 0.92625 0.379375 0.019956896551724057 0.016206896551724137
11 0.8981250000000001 0.6675 0.021244444444444288 0.022494444444444373
01 0.514375 0.46375 0.016238095238095274 0.009988095238095296
02 0.471875 0.18 0.023742977528089848 0.04499297752808987
15 0.530625 0.823125 0.028745098039215655 0.03374509803921577
06 0.479364224137931 0.14250000000000002 0.03372844827586202 0.05995689655172412
09 0.48812500000000003 0.67875 0.031228448275862075 0.01997844827586215
18 0.11499999999999999 0.145625 0.014886363636363628 0.018636363636363618
11 0.979375 0.328125 0.026235795454545352 0.018735795454545512
18 0.68625 0.15125 0.014969512195121992 0.01746951219512194
03 0.59875 0.19 0.02748214285714279 0.03248214285714285
18 0.655 0.8162499999999999 0.014987500000000042 0.01748749999999999
