18 0.284375 0.90125 0.021233552631579 0.02498355263157892
07 0.558125 0.03874999999999999 0.07874161073825503 0.05999161073825503
15 0.065625 0.191875 0.02370689655172415 0.011206896551724133
18 0.905625 0.5875 0.0212444444444444 0.02499444444444454
06 0.566875 0.154375 0.01873809523809533 0.07373809523809527
03 0.48875 0.16125 0.07249297752808986 0.032492977528089856
06 0.94375 0.5375 0.027495098039215682 0.014995098039215726
08 0.31625 0.9125000000000001 0.032456896551724124 0.019956896551724168
06 0.916875 0.4575 0.07872844827586212 0.049978448275862064
04 0.083125 0.425 0.026136363636363638 0.022386363636363593
18 0.875625 0.760625 0.01873579545454529 0.021235795454545237
03 0.4075 0.556875 0.03996951219512196 0.023719512195121917
04 0.728125 0.53 0.03373214285714288 0.0374821428571428
