18 0.22375 0.229375 0.01998355263157897 0.023733552631578975
20 0.114375 0.3175 0.026241610738255053 0.024991610738255066
07 0.65625 0.62625 0.1174568965517242 0.11995689655172415
14 0.10375 0.05437500000000001 0.029994444444444462 0.08124444444444445
14 0.06875 0.6031249999999999 0.06248809523809524 0.04873809523809525
06 0.90375 0.39312499999999995 0.047492977528089786 0.08874297752808985
20 0.07 0.9025000000000001 0.027495098039215696 0.022495098039215677
14 0.43875 0.61 0.03995689655172413 0.03745689655172413
19 0.039375 0.64625 0.018728448275862068 0.022478448275862095
20 0.676875 0.070625 0.023636363636363678 0.01613636363636363
13 0.62625 0.115 0.07998579545454532 0.07248579545454545
20 0.479375 0.274375 0.04121951219512199 0.04121951219512199
