18 0.398125 0.2575 0.013733552631578938 0.01748355263157897
03 0.6856249999999999 0.054375 0.0587416107382549 0.028741610738255027
03 0.825625 0.526875 0.03120689655172415 0.0387068965517241
11 0.405625 0.30062500000000003 0.023744444444444512 0.018744444444444397
08 0.568125 0.089375 0.021238095238095278 0.033738095238095234
03 0.754375 0.8287500000000001 0.01374297752808984 0.022492977528089875
03 0.33499999999999996 0.7462500000000001 0.02499509803921568 0.03499509803921563
03 0.978125 0.48250000000000004 0.028706896551724093 0.014956896551724108
17 0.195 0.5237499999999999 0.029978448275862074 0.03497844827586205
12 0.421875 0.313125 0.033636363636363575 0.03363636363636363
