08 0.740625 0.13937500000000003 0.043733552631578965 0.05873355263157895
00 0.45 0.84625 0.04749161073825503 0.042491610738254804
06 0.22562500000000002 0.395 0.14870689655172412 0.07995689655172411
05 0.556875 0.5487500000000001 0.031244444444444408 0.07249444444444453
03 0.8775 0.8025 0.0824880952380952 0.02998809523809509
18 0.7518750000000001 0.6775 0.036242977528089804 0.03749297752808989
12 0.6912499999999999 0.8049999999999999 0.06499509803921566 0.04499509803921564
07 0.95375 0.023125 0.04745689655172414 0.01870689655172414
19 0.524375 0.934375 0.04122844827586203 0.0437284482758622
07 0.476875 0.54125 0.016136363636363615 0.06988636363636358
11 0.85 0.1575 0.04748579545454534 0.037485795454545445
03 0.669375 0.860625 0.03371951219512204 0.10371951219512199
15 0.133125 0.759375 0.03873214285714287 0.04623214285714283
01 0.675625 0.485 0.03123750000000003 0.0324875
