15 0.67 0.7025 0.057483552631578894 0.037483552631578876
11 0.6543749999999999 0.855 0.038741610738254995 0.03999161073825497
14 0.040625 0.6793750000000001 0.026206896551724142 0.04620689655172405
00 0.45687500000000003 0.20124999999999998 0.04374444444444453 0.03499444444444441
03 0.879375 0.46 0.041238095238095074 0.08748809523809531
12 0.34750000000000003 0.7325 0.04249297752808984 0.049992977528089844
03 0.23062500000000002 0.639375 0.13624509803921572 0.06624509803921574
10 0.849375 0.839375 0.046206896551724164 0.03120689655172415
11 0.385 0.423125 0.03497844827586205 0.031228448275862075
02 0.8643749999999999 0.5075000000000001 0.026136363636363735 0.039886363636363664
06 0.225625 0.213125 0.028735795454545465 0.018735795454545484
03 0.5425 0.3425 0.03496951219512201 0.022469512195122
03 0.6443749999999999 0.653125 0.03873214285714288 0.03873214285714288
