13 0.245 0.39937500000000004 0.03998355263157896 0.06373355263157893
04 0.974375 0.305 0.04374161073825489 0.034991610738255075
03 0.71875 0.39 0.022456896551724226 0.0724568965517241
03 0.18374999999999997 0.5725 0.062494444444444436 0.022494444444444484
03 0.625625 0.335625 0.033738095238095234 0.05623809523809531
07 0.6281232443820224 0.70875 0.12874648876404493 0.03249297752808977
04 0.304375 0.45625000000000004 0.04124509803921572 0.029995098039215684
08 0.6837500000000001 0.291875 0.019956896551724168 0.043706896551724106
20 0.535 0.661875 0.029978448275862046 0.03122844827586224
06 0.21187499999999998 0.44999999999999996 0.04363636363636367 0.08238636363636359
18 0.983125 0.1225 0.023735795454545294 0.024985795454545476
