01 0.052500000000000005 0.15000000000000002 0.04998355263157895 0.05248355263157896
04 0.2025 0.13624999999999998 0.03749161073825505 0.03749161073825505
18 0.8356250000000001 0.7375 0.03870689655172421 0.04245689655172413
15 0.193125 0.46 0.07874444444444445 0.05249444444444451
01 0.30874999999999997 0.05562500000000001 0.04498809523809527 0.028738095238095236
13 0.55625 0.51625 0.07249297752808981 0.12249297752808985
13 0.775625 0.390625 0.03374509803921577 0.1412450980392157
06 0.2625 0.6656249999999999 0.06995689655172413 0.10370689655172416
03 0.311875 0.919375 0.04622844827586209 0.14372844827586218
11 0.39749999999999996 0.0625 0.04988636363636362 0.03238636363636363
