07 0.12187500000000001 0.6156250000000001 0.013733552631578952 0.07373355263157888
02 0.141875 0.434375 0.06374161073825506 0.04624161073825506
18 0.04375 0.1975 0.024956896551724138 0.02745689655172412
03 0.795625 0.245 0.026244444444444404 0.02749444444444446
09 0.766875 0.925625 0.028738095238095118 0.048738095238095136
07 0.54375 0.9412499999999999 0.014992977528089813 0.04499297752808984
03 0.229375 0.251875 0.011245098039215695 0.053745098039215705
14 0.409375 0.34625 0.0387068965517241 0.03745689655172413
08 0.49187499999999995 0.20750000000000002 0.01872844827586201 0.02497844827586207
02 0.633125 0.575 0.1161363636363637 0.037386363636363606
20 0.286875 0.056875 0.02373579545454546 0.023735795454545447
