03 0.17312499999999997 0.31499999999999995 0.021233552631578972 0.022483552631578918
20 0.405625 0.37625 0.021241610738255035 0.01749161073825506
09 0.179375 0.8512500000000001 0.03620689655172413 0.032456896551724124
08 0.6381249999999999 0.8087500000000001 0.03874444444444447 0.019994444444444315
06 0.2125 0.038747023809523815 0.05248809523809528 0.03749404761904762
11 0.91 0.6212500000000001 0.029992977528089826 0.014992977528089813
18 0.27749999999999997 0.9450000000000001 0.01749509803921573 0.01999509803921573
03 0.89375 0.585 0.01745689655172411 0.032456896551724124
06 0.25625 0.7075 0.014978448275862088 0.032478448275862215
03 0.80375 0.8743749999999999 0.019886363636363757 0.036136363636363744
20 0.85 0.455625 0.01498579545454537 0.013735795454545507
11 0.47750000000000004 0.35250000000000004 0.024969512195121946 0.01996951219512194
03 0.8875 0.838125 0.012482142857142775 0.03123214285714282
