03 0.599375 0.261875 0.04123355263157891 0.033733552631578984
19 0.84375 0.09062500000000001 0.03499161073825485 0.038741610738255036
04 0.179375 0.4775 0.02870689655172412 0.03745689655172413
08 0.052500000000000005 0.026875 0.02999444444444444 0.05124444444444445
03 0.44125000000000003 0.741875 0.06748809523809524 0.048738095238095136
15 0.930625 0.39812499999999995 0.026242977528089795 0.041242977528089864
03 0.910625 0.078125 0.046245098039215726 0.03374509803921569
01 0.14375 0.483125 0.02995689655172415 0.01870689655172414
00 0.56 0.415625 0.03497844827586205 0.02372844827586207
18 0.61 0.111875 0.02488636363636365 0.028636363636363626
