07 0.783125 0.195 0.06623355263157893 0.01748355263157897
14 0.569375 0.443125 0.02624161073825504 0.031241610738255043
10 0.944375 0.05437499999999999 0.036206896551724155 0.02870689655172414
03 0.6825 0.42000000000000004 0.05749444444444429 0.05499444444444451
11 0.485625 0.2375 0.028738095238095285 0.02498809523809528
03 0.635625 0.10250000000000001 0.018742977528089844 0.019992977528089886
15 0.13187500000000002 0.385625 0.041245098039215694 0.021245098039215704
09 0.90875 0.49 0.014956896551724053 0.04245689655172419
06 0.8006303879310344 0.07186961206896553 0.05623922413793114 0.07123922413793105
03 0.365625 0.465625 0.018636363636363618 0.023636363636363567
20 0.69875 0.061875 0.02248579545454532 0.026235795454545456
