06 0.16312500000000002 0.641875 0.07123355263157896 0.031233552631578898
03 0.78125 0.244375 0.03499161073825485 0.04374161073825503
02 0.899375 0.405 0.016206896551724137 0.03995689655172413
15 0.075625 0.8975 0.026244444444444445 0.02499444444444432
13 0.58375 0.17062500000000003 0.07498809523809524 0.036238095238095264
06 0.669375 0.370625 0.07124297752808995 0.03624297752808986
02 0.104375 0.434375 0.028745098039215697 0.05374509803921568
02 0.038125 0.518125 0.006206896551724142 0.028706896551724204
10 0.14125 0.110625 0.017478448275862063 0.018728448275862064
14 0.73125 0.18312499999999998 0.047386363636363726 0.03613636363636366
04 0.545625 0.435 0.02123579545454546 0.019985795454545485
03 0.130625 0.508125 0.03871951219512196 0.021219512195122026
03 0.085625 0.586875 0.02873214285714286 0.02123214285714281
18 0.45 0.18625 0.01748749999999999 0.01998749999999999
