03 0.4 0.12062500000000001 0.0674835526315789 0.07623355263157895
03 0.6912499999999999 0.83875 0.10249161073825497 0.03999161073825497
13 0.788125 0.743125 0.15120689655172415 0.0387068965517241
08 0.42374999999999996 0.075625 0.034994444444444495 0.028744444444444447
17 0.369375 0.23375 0.06623809523809526 0.07498809523809527
11 0.8668750000000001 0.91625 0.053742977528089875 0.03249297752808977
08 0.59375 0.21 0.034995098039215744 0.08249509803921568
08 0.546875 0.38125 0.04370689655172422 0.05745689655172409
03 0.10375000000000001 0.25125 0.05247844827586208 0.03247844827586205
20 0.2825 0.9337500000000001 0.042386363636363666 0.02738636363636371
