15 0.529375 0.553125 0.08123355263157889 0.013733552631578938
03 0.15125 0.173125 0.04999161073825503 0.06124161073825507
05 0.301875 0.7618750000000001 0.036206896551724155 0.043706896551724106
01 0.71375 0.7625 0.022494444444444373 0.02499444444444443
04 0.70125 0.7481249999999999 0.0399880952380951 0.02623809523809506
08 0.614375 0.25 0.05124297752808982 0.029992977528089826
06 0.903125 0.809375 0.021245098039215704 0.036245098039215606
03 0.63625 0.46687500000000004 0.05995689655172409 0.028706896551724148
14 0.964375 0.31625 0.03372844827586219 0.05497844827586207
19 0.270625 0.125625 0.03613636363636363 0.03863636363636362
14 0.615625 0.398125 0.058735795454545325 0.07873579545454545
