03 0.878125 0.29312499999999997 0.05623355263157892 0.05123355263157897
18 0.22749999999999998 0.32125000000000004 0.024991610738255038 0.027491610738255068
11 0.705 0.95 0.02745689655172412 0.032456896551724124
05 0.965 0.6125 0.03249444444444438 0.027494444444444488
11 0.273125 0.94625 0.03873809523809524 0.034988095238095096
03 0.46375 0.49312500000000004 0.039992977528089835 0.06124297752808988
08 0.485 0.519375 0.03999509803921564 0.038745098039215664
08 0.38375000000000004 0.209375 0.062456896551724095 0.023706896551724144
03 0.89375 0.528125 0.04497844827586228 0.04122844827586214
10 0.13 0.860625 0.029886363636363628 0.02363636363636379
01 0.764375 0.186875 0.016235795454545343 0.011235795454545477
03 0.278125 0.466875 0.02121951219512197 0.016219512195121966
03 0.318125 0.136875 0.05373214285714284 0.028732142857142873
