11 0.340625 0.17125 0.0362335526315789 0.03748355263157896
03 0.7175 0.486875 0.07749161073825495 0.031241610738255043
20 0.981875 0.129375 0.02120689655172414 0.02370689655172413
14 0.4325 0.6125 0.0374944444444445 0.027494444444444488
03 0.84625 0.4975 0.024988095238095087 0.05998809523809523
04 0.71875 0.436875 0.03499297752808994 0.023742977528089848
20 0.800625 0.208125 0.03624509803921572 0.02624509803921571
06 0.520625 0.065 0.1037068965517241 0.05745689655172413
03 0.694375 0.855 0.0437284482758622 0.04497844827586217
05 0.850625 0.166875 0.03113636363636374 0.03613636363636366
