06 0.48625 0.22125 0.009983552631578907 0.03248355263157898
03 0.9325 0.6225 0.007491610738254995 0.027491610738255123
20 0.735625 0.29000000000000004 0.018706896551724084 0.019956896551724113
09 0.3375 0.354375 0.04499444444444445 0.03874444444444447
06 0.668125 0.7262500000000001 0.016238095238095163 0.024988095238095087
18 0.30374999999999996 0.7224999999999999 0.019992977528089872 0.022492977528089875
03 0.145625 0.113125 0.02624509803921571 0.018745098039215688
08 0.518125 0.701875 0.028706896551724204 0.023706896551724088
03 0.585 0.22749999999999998 0.03497844827586205 0.019978448275862065
10 0.40249999999999997 0.8206249999999999 0.024886363636363595 0.02363636363636379
10 0.796875 0.8525 0.016235795454545343 0.017485795454545316
