11 0.6975 0.115625 0.08248355263157892 0.06123355263157894
06 0.29374999999999996 0.25625 0.08499161073825506 0.027491610738255068
01 0.40125 0.34750000000000003 0.0649568965517241 0.054956896551724144
03 0.13124999999999998 0.49750000000000005 0.13999444444444442 0.1024944444444445
20 0.27375 0.609375 0.06248809523809526 0.03873809523809535
14 0.8031250000000001 0.15437499999999998 0.043742977528089866 0.09374297752808988
04 0.47187500000000004 0.30125 0.06874509803921575 0.06999509803921572
03 0.4325 0.714375 0.049956896551724084 0.07120689655172407
12 0.25 0.9312499999999999 0.08997844827586207 0.09997844827586222
02 0.6825000000000001 0.8787499999999999 0.057386363636363735 0.05988636363636368
00 0.176875 0.63625 0.06373579545454547 0.04748579545454534
