00 0.8443750000000001 0.120625 0.031233552631578898 0.031233552631578926
03 0.971875 0.400625 0.02374161073825498 0.03874161073825505
06 0.155 0.614375 0.08995689655172412 0.03120689655172404
03 0.041249999999999995 0.848125 0.019994444444444447 0.01874444444444434
07 0.23812202380952383 0.549375 0.043744047619047655 0.013738095238095327
18 0.58 0.61375 0.01749297752808987 0.019992977528089817
04 0.86625 0.3275 0.027495098039215682 0.027495098039215682
06 0.6599999999999999 0.446875 0.012456896551724106 0.023706896551724144
06 0.09438038793103448 0.30937499999999996 0.06873922413793104 0.016228448275862062
20 0.22749999999999998 0.735625 0.017386363636363672 0.018636363636363784
00 0.35062499999999996 0.94875 0.02373579545454546 0.02248579545454532
