13 0.6543749999999999 0.38187499999999996 0.018733552631578942 0.06373355263157893
20 0.378125 0.298125 0.011241610738255026 0.011241610738255081
04 0.87375 0.308125 0.019956896551724168 0.01870689655172414
18 0.2575 0.29125 0.017494444444444396 0.019994444444444426
06 0.598125 0.5856250000000001 0.0462380952380953 0.03623809523809529
14 0.7506250000000001 0.42874999999999996 0.03374297752808986 0.02249297752808982
03 0.164375 0.719375 0.018745098039215702 0.023745098039215762
03 0.57 0.0725 0.03745689655172413 0.01995689655172414
06 0.068125 0.453125 0.04872844827586207 0.043728448275862086
03 0.87 0.5575 0.02488636363636365 0.03488636363636366
