06 0.40062911184210526 0.8049999999999999 0.023741776315789442 0.04248355263157888
03 0.958125 0.128125 0.028741610738254986 0.08374161073825506
07 0.24125 0.42000000000000004 0.019956896551724113 0.054956896551724144
13 0.455625 0.266875 0.25874444444444455 0.21874444444444446
04 0.6543749999999999 0.666875 0.03623809523809518 0.03623809523809518
04 0.13624999999999998 0.1 0.052492977528089874 0.04499297752808988
09 0.46562499999999996 0.176875 0.05624509803921568 0.061245098039215684
06 0.2575 0.34187500000000004 0.02495689655172409 0.05620689655172412
18 0.3275 0.559375 0.019978448275862037 0.02372844827586207
09 0.934375 0.628125 0.07863636363636373 0.07113636363636366
