11 0.143125 0.795625 0.018733552631578942 0.018733552631578942
06 0.675 0.9918750000000001 0.0074916107382548836 0.01624161073825492
15 0.1325 0.07375000000000001 0.017456896551724124 0.012456896551724148
05 0.5800000000000001 0.9768749999999999 0.012494444444444475 0.026244444444444404
04 0.363125 0.9637500000000001 0.016238095238095274 0.012488095238095132
18 0.74 0.91875 0.012492977528089866 0.014992977528089813
10 0.02375 0.830625 0.017495098039215687 0.013745098039215642
08 0.15437499999999998 0.245 0.026206896551724118 0.01745689655172411
03 0.666875 0.21000000000000002 0.026228448275862126 0.012478448275862059
03 0.65375 0.891875 0.007499999999999951 0.026136363636363735
04 0.9512499999999999 0.923125 0.02248579545454532 0.01873579545454529
03 0.17125 0.8987499999999999 0.01996951219512197 0.01746951219512194
03 0.2475 0.655 0.029982142857142846 0.03248214285714279
