12 0.523125 0.33499999999999996 0.0362335526315789 0.042483552631578936
03 0.201875 0.6975 0.031241610738255043 0.03749161073825491
11 0.088125 0.7168749999999999 0.033706896551724125 0.023706896551724088
06 0.140625 0.205625 0.006244444444444441 0.10124444444444447
00 0.39437500000000003 0.51625 0.021238095238095223 0.01498809523809519
20 0.516875 0.754375 0.016242977528089897 0.01374297752808984
03 0.23125 0.27749999999999997 0.04499509803921567 0.027495098039215737
04 0.8525 0.6231249999999999 0.032456896551724124 0.023706896551724088
10 0.8162499999999999 0.96125 0.03747844827586222 0.012478448275862197
20 0.47125 0.8225 0.027386363636363598 0.02488636363636365
06 0.6856249999999999 0.284375 0.11123579545454543 0.02123579545454546
03 0.80875 0.70125 0.012469512195121935 0.019969512195121997
08 0.683125 0.2375 0.04623214285714283 0.014982142857142833
