20 0.33687500000000004 0.411875 0.0337335526315789 0.0337335526315789
03 0.521875 0.6793750000000001 0.06624161073825502 0.03624161073825494
03 0.20875 0.6387499999999999 0.07745689655172414 0.05245689655172414
01 0.025 0.67125 0.02999444444444444 0.022494444444444373
07 0.70125 0.36750000000000005 0.11248809523809511 0.10748809523809527
18 0.160625 0.596875 0.03374297752808986 0.036242977528089804
08 0.8968750000000001 0.446875 0.09374509803921571 0.02874509803921571
05 0.8425 0.25375000000000003 0.04245689655172413 0.054956896551724144
20 0.93625 0.6681250000000001 0.024978448275862153 0.01622844827586223
08 0.608125 0.590625 0.04613636363636364 0.0636363636363636
04 0.608125 0.153125 0.03873579545454542 0.03623579545454547
13 0.705625 0.115625 0.07871951219512197 0.12371951219512195
19 0.3975 0.19 0.06248214285714282 0.02498214285714284
01 0.065625 0.7262500000000001 0.023737499999999995 0.022487500000000105
