03 0.049375 0.85 0.02873355263157895 0.047483552631578885
12 0.90875 0.16875 0.022491610738255008 0.022491610738255036
08 0.200625 0.206875 0.016206896551724137 0.016206896551724137
20 0.7 0.56 0.019994444444444315 0.019994444444444537
03 0.5925 0.015 0.017488095238095247 0.024988095238095236
18 0.60625 0.7224999999999999 0.012492977528089866 0.014992977528089813
14 0.236875 0.039375 0.04374509803921567 0.016245098039215686
20 0.29312499999999997 0.53625 0.013706896551724135 0.012456896551724217
20 0.15999999999999998 0.3775 0.017478448275862063 0.01747844827586209
20 0.47 0.5331250000000001 0.024886363636363595 0.023636363636363567
15 0.15812500000000002 0.6975 0.008735795454545475 0.012485795454545312
