03 0.08249999999999999 0.8674999999999999 0.02998355263157894 0.02498355263157881
00 0.91875 0.845 0.029991610738254848 0.01999161073825495
20 0.218125 0.254375 0.021206896551724114 0.02120689655172414
03 0.244375 0.6925 0.07124444444444444 0.09749444444444433
20 0.8525 0.516875 0.024988095238095087 0.023738095238095225
10 0.028125 0.15 0.03124297752808989 0.019992977528089872
03 0.155 0.1875 0.0499950980392157 0.022495098039215677
04 0.6712499999999999 0.77125 0.032456896551724124 0.02745689655172412
05 0.7175 0.9668749999999999 0.024978448275862153 0.028728448275862184
01 0.25 0.034375 0.022386363636363676 0.018636363636363635
09 0.208125 0.5956250000000001 0.041235795454545476 0.026235795454545463
11 0.07125000000000001 0.113125 0.03746951219512194 0.038719512195121944
15 0.43625 0.764375 0.02998214285714279 0.05123214285714284
