10 0.07875 0.2375 0.022483552631578946 0.01998355263157897
03 0.27375 0.56375 0.01999161073825506 0.05499161073825509
20 0.07375 0.764375 0.029956896551724142 0.023706896551724088
15 0.15 0.63375 0.04499444444444445 0.037494444444444386
00 0.835 0.514375 0.03248809523809515 0.021238095238095278
15 0.38875000000000004 0.28875 0.02999297752808988 0.02749297752808988
07 0.141875 0.2975 0.02874509803921571 0.1074950980392157
07 0.938760775862069 0.296875 0.0274784482758621 0.08120689655172408
06 0.18625 0.8674999999999999 0.02247844827586204 0.06747844827586225
04 0.72375 0.203125 0.03738636363636383 0.033636363636363686
08 0.515625 0.6543749999999999 0.023735795454545405 0.04373579545454542
02 0.6425 0.369375 0.03246951219512195 0.02121951219512197
00 0.40375 0.8731249999999999 0.0374821428571428 0.03123214285714282
13 0.15125 0.8968750000000001 0.1124875 0.14123750000000002
