01 0.53 0.6875 0.029983552631578925 0.027483552631578867
07 0.389375 0.856875 0.13374161073825502 0.021241610738254812
03 0.8275 0.6056250000000001 0.03495689655172418 0.023706896551724088
18 0.915 0.6387499999999999 0.019994444444444315 0.022494444444444484
18 0.76125 0.03875 0.019988095238095083 0.022488095238095234
14 0.8106249999999999 0.33875 0.043742977528089866 0.03499297752808983
02 0.80125 0.33125 0.12499509803921571 0.0474950980392157
09 0.21125 0.613125 0.024956896551724117 0.036206896551724155
11 0.763125 0.7481249999999999 0.03122844827586213 0.036228448275862246
03 0.5044034090909091 0.24375000000000002 0.03619318181818176 0.03988636363636369
18 0.586875 0.8668750000000001 0.023735795454545516 0.02623579545454524
03 0.610625 0.311875 0.05371951219512194 0.056219512195122
15 0.351875 0.063125 0.061232142857142846 0.028732142857142845
