07 0.8574999999999999 0.774375 0.039983552631578934 0.08373355263157889
12 0.49124999999999996 0.176875 0.04749161073825503 0.05374161073825506
08 0.099375 0.7306250000000001 0.056206896551724145 0.053706896551724115
04 0.228125 0.07375000000000001 0.048744444444444424 0.04749444444444446
18 0.338125 0.563125 0.028738095238095285 0.031238095238095287
03 0.48250000000000004 0.359375 0.03249297752808983 0.11874297752808982
00 0.41625 0.9575 0.0499950980392157 0.04499509803921575
14 0.90625 0.141875 0.024956896551724173 0.028706896551724148
11 0.44937499999999997 0.18875 0.05122844827586209 0.03747844827586205
18 0.81375 0.32125 0.02738636363636371 0.029886363636363655
