13 0.73875 0.57375 0.04998355263157883 0.10498355263157888
18 0.25625 0.7575000000000001 0.027491610738255068 0.029991610738254848
15 0.09375 0.42562500000000003 0.017456896551724138 0.04370689655172416
14 0.18 0.7718750000000001 0.03249444444444444 0.03874444444444436
03 0.14125000000000001 0.3075 0.08998809523809526 0.049988095238095276
07 0.1825 0.630625 0.13499297752808986 0.028742977528089853
18 0.3775 0.7518750000000001 0.024995098039215735 0.028745098039215766
07 0.65 0.5925 0.12245689655172409 0.05995689655172409
08 0.729375 0.6412500000000001 0.04122844827586225 0.04497844827586206
03 0.47062499999999996 0.900625 0.06863636363636355 0.04613636363636375
06 0.48687499999999995 0.5762499999999999 0.07123579545454545 0.12748579545454553
15 0.1475 0.5587500000000001 0.01746951219512194 0.027469512195121948
