12 0.49375 0.28 0.1299835526315789 0.12498355263157895
15 0.7975 0.684375 0.07749161073825483 0.038741610738254884
18 0.881875 0.370625 0.07620689655172408 0.07870689655172414
03 0.8831249999999999 0.54875 0.04874444444444437 0.1799944444444445
03 0.490625 0.9568749999999999 0.06623809523809521 0.0662380952380951
13 0.5387500000000001 0.86375 0.2749929775280898 0.2549929775280899
03 0.680625 0.828125 0.12374509803921574 0.15874509803921577
03 0.56875 0.639375 0.1849568965517241 0.10870689655172416
03 0.15875 0.599375 0.08747844827586206 0.25872844827586217
05 0.434375 0.438125 0.05363636363636359 0.1211363636363636
11 0.290625 0.3775 0.09123579545454547 0.07748579545454548
