03 0.505 0.155625 0.01998355263157886 0.10373355263157896
06 0.969375 0.3275 0.03374161073825488 0.014991610738255057
03 0.6893750000000001 0.20750000000000002 0.023706896551724088 0.024956896551724145
03 0.690625 0.8725 0.033744444444444355 0.05249444444444429
13 0.388125 0.405625 0.058738095238095256 0.06123809523809526
06 0.559375 0.37875000000000003 0.03124297752808991 0.01249297752808981
01 0.403125 0.130625 0.0162450980392157 0.016245098039215686
20 0.763125 0.94625 0.02120689655172414 0.014956896551724164
03 0.70375 0.2675 0.03497844827586216 0.03497844827586205
08 0.038125000000000006 0.44062500000000004 0.04363636363636364 0.013636363636363613
03 0.455625 0.6799999999999999 0.058735795454545436 0.019985795454545374
