10 0.32375 0.886875 0.022483552631578974 0.016233552631578885
06 0.7406250000000001 0.786875 0.026241610738254928 0.011241610738254915
15 0.514375 0.7462500000000001 0.011206896551724133 0.012456896551724106
03 0.535 0.739375 0.00749444444444447 0.0362444444444443
12 0.8743749999999999 0.8187500000000001 0.03373809523809512 0.034988095238095096
18 0.3425 0.344375 0.01249297752808981 0.01624297752808984
14 0.60625 0.49125 0.024995098039215624 0.01999509803921573
15 0.20500000000000002 0.215 0.017456896551724138 0.022456896551724115
20 0.45687500000000003 0.1875 0.011228448275862057 0.009978448275862084
01 0.920625 0.3075 0.01363636363636378 0.012386363636363695
01 0.506875 0.7424999999999999 0.018735795454545456 0.014985795454545259
07 0.7843673780487805 0.14 0.041234756097561 0.024969512195121918
09 0.375625 0.09437500000000001 0.023732142857142813 0.03123214285714286
