01 0.15750000000000003 0.080625 0.022483552631578946 0.016233552631578954
03 0.663125 0.405625 0.018741610738254866 0.02624161073825504
03 0.805625 0.419375 0.016206896551724137 0.04870689655172411
02 0.7637499999999999 0.5974999999999999 0.037494444444444386 0.039994444444444555
14 0.183125 0.085625 0.018738095238095276 0.028738095238095243
06 0.12125 0.46375 0.022492977528089875 0.014992977528089813
18 0.9437500000000001 0.76875 0.01999509803921573 0.022495098039215677
03 0.465625 0.07 0.0387068965517241 0.019956896551724147
03 0.08125 0.236875 0.03997844827586206 0.03622844827586205
01 0.27249999999999996 0.6950000000000001 0.02238636363636365 0.019886363636363646
