15 0.97 0.22312500000000002 0.037483552631578876 0.021233552631578972
03 0.083125 0.739375 0.05124161073825503 0.02374161073825487
08 0.428125 0.87 0.021206896551724086 0.024956896551724173
03 0.534375 0.913125 0.05624444444444443 0.05624444444444432
03 0.0775 0.24874999999999997 0.05248809523809523 0.06248809523809526
18 0.64 0.32125000000000004 0.019992977528089817 0.02249297752808982
05 0.73625 0.9468749999999999 0.017495098039215673 0.04124509803921572
03 0.740625 0.18 0.046206896551724164 0.04245689655172413
10 0.113125 0.6712499999999999 0.02622844827586207 0.0174784482758622
01 0.9412499999999999 0.1975 0.0173863636363637 0.017386363636363672
06 0.390625 0.20375 0.023735795454545516 0.009985795454545449
11 0.276875 0.5725 0.03371951219512198 0.03746951219512207
