08 0.215625 0.6643749999999999 0.03123355263157898 0.07373355263157888
00 0.6381249999999999 0.058125 0.038741610738254995 0.03374161073825503
04 0.0875 0.825625 0.04995689655172414 0.043706896551724106
14 0.90375 0.6499999999999999 0.03999444444444433 0.047494444444444395
11 0.621875 0.403125 0.04623809523809519 0.041238095238095296
04 0.1475 0.84125 0.04249297752808989 0.039992977528089946
15 0.811875 0.8712500000000001 0.056245098039215735 0.02999509803921574
03 0.18125 0.66625 0.054956896551724144 0.06495689655172421
04 0.119375 0.839375 0.04622844827586206 0.03122844827586224
08 0.30937499999999996 0.768125 0.05113636363636359 0.036136363636363744
