18 0.18312499999999998 0.494375 0.016233552631578968 0.018733552631578887
18 0.12875 0.485 0.01749161073825506 0.01999161073825506
07 0.5549999999999999 0.910625 0.03495689655172407 0.043706896551724106
06 0.925 0.765 0.04499444444444434 0.0524944444444444
18 0.988125 0.184375 0.016238095238095163 0.018738095238095248
04 0.584375 0.9337500000000001 0.0312429775280898 0.02499297752808982
01 0.98875 0.7949999999999999 0.014995098039215726 0.009995098039215722
08 0.754375 0.09062500000000001 0.04870689655172411 0.021206896551724128
18 0.90875 0.81375 0.014978448275862255 0.0174784482758622
12 0.039375 0.615 0.031136363636363632 0.029886363636363544
10 0.145625 0.4275 0.02373579545454546 0.02498579545454549
12 0.729375 0.5549999999999999 0.03871951219512204 0.019969512195121886
