05 0.5918749999999999 0.445625 0.04123355263157891 0.051233552631578916
00 0.505625 0.901875 0.033741610738255046 0.03624161073825494
03 0.9668749999999999 0.875625 0.03120689655172415 0.05870689655172412
03 0.43937499999999996 0.779375 0.06124444444444449 0.033744444444444355
03 0.45375 0.9099999999999999 0.03498809523809526 0.03248809523809515
13 0.39375 0.5131232443820225 0.11249297752808984 0.04374648876404491
18 0.783125 0.29125 0.02624509803921571 0.029995098039215684
06 0.850625 0.6856249999999999 0.08370689655172414 0.0912068965517242
18 0.259375 0.8612500000000001 0.02622844827586207 0.02747844827586221
00 0.08875 0.574375 0.04488636363636363 0.04613636363636364
04 0.5018750000000001 0.645625 0.043735795454545534 0.04373579545454542
03 0.13187500000000002 0.809375 0.023719512195121945 0.053719512195122054
