13 0.828125 0.29 0.1137335526315788 0.09498355263157895
01 0.953125 0.045625 0.02374161073825487 0.02374161073825503
08 0.22875 0.64625 0.06745689655172415 0.022456896551724115
02 0.7931250000000001 0.784375 0.041244444444444306 0.10874444444444442
10 0.33499999999999996 0.474375 0.03498809523809526 0.033738095238095234
05 0.43375 0.0875 0.05999297752808985 0.027492977528089893
03 0.22562500000000002 0.109375 0.0462450980392157 0.05124509803921569
03 0.441875 0.245 0.031206896551724095 0.03995689655172416
06 0.530625 0.5549999999999999 0.09622844827586202 0.022478448275862095
06 0.651875 0.75125 0.12863636363636377 0.0173863636363637
09 0.8975 0.195625 0.06998579545454531 0.031235795454545467
09 0.36187499999999995 0.081875 0.03371951219512198 0.048719512195121946
