20 0.26875 0.21625 0.05998355263157895 0.054983552631578975
14 0.09562500000000002 0.168125 0.036241610738255034 0.033741610738255046
01 0.7068749999999999 0.803125 0.06120689655172418 0.05870689655172412
20 0.7424999999999999 0.029375 0.047494444444444395 0.03624444444444444
06 0.6768749999999999 0.12187500000000001 0.09123809523809523 0.11623809523809525
00 0.11374999999999999 0.18937500000000002 0.039992977528089876 0.03374297752808983
16 0.2425 0.28437500000000004 0.06999509803921566 0.05624509803921568
04 0.9612499999999999 0.13874999999999998 0.049956896551724195 0.04745689655172412
14 0.420625 0.916875 0.03372844827586202 0.053728448275862206
15 0.205625 0.10250000000000001 0.04613636363636367 0.09488636363636363
11 0.211875 0.056874999999999995 0.041235795454545476 0.038735795454545446
14 0.223125 0.583125 0.06621951219512195 0.04621951219512188
06 0.925 0.8106249999999999 0.03748214285714291 0.12373214285714285
