03 0.94875 0.176875 0.0624835526315789 0.033733552631578956
04 0.6993750000000001 0.4375 0.01624161073825492 0.01999161073825506
20 0.23875000000000002 0.96 0.014956896551724136 0.012456896551724106
02 0.505625 0.07500000000000001 0.03374444444444452 0.03999444444444446
03 0.830625 0.193125 0.02873809523809523 0.016238095238095274
18 0.5974999999999999 0.86 0.022492977528089875 0.024992977528089932
06 0.34375 0.190625 0.06999509803921566 0.06374509803921569
10 0.6125107758620689 0.603125 0.01997844827586215 0.018706896551724084
08 0.96 0.9143749999999999 0.022478448275862206 0.05122844827586215
06 0.28 0.116875 0.02988636363636371 0.02863636363636364
08 0.6275 0.6775 0.022485795454545543 0.01498579545454537
03 0.96 0.7175 0.012469512195122046 0.05246951219512197
