01 0.238125 0.224375 0.06623355263157898 0.04873355263157897
08 0.209375 0.26375000000000004 0.018741610738255032 0.03249161073825507
14 0.38187499999999996 0.431875 0.02620689655172409 0.05120689655172411
00 0.38375000000000004 0.6200000000000001 0.0399944444444445 0.0424944444444445
07 0.701875 0.6575 0.11123809523809514 0.02998809523809509
01 0.731875 0.17062499999999997 0.04124297752808992 0.033742977528089885
03 0.815625 0.6012500000000001 0.02624509803921571 0.02999509803921574
03 0.8674999999999999 0.793125 0.057456896551724035 0.036206896551724155
13 0.15375 0.09999999999999999 0.10997844827586206 0.13747844827586206
13 0.396875 0.429375 0.0586363636363636 0.08363636363636362
