07 0.4325 0.2125 0.02498355263157892 0.03748355263157899
12 0.9475 0.920625 0.03499161073825485 0.03624161073825494
08 0.641875 0.75 0.0337068965517241 0.014956896551724164
15 0.11812500000000001 0.6725000000000001 0.02374444444444447 0.017494444444444368
03 0.2025 0.9681249999999999 0.03748809523809529 0.013738095238095105
14 0.9624999999999999 0.20124999999999998 0.02499297752808982 0.02749297752808985
02 0.576875 0.23062500000000002 0.018745098039215646 0.03874509803921569
18 0.6012500000000001 0.44062500000000004 0.01745689655172422 0.01870689655172414
14 0.38687499999999997 0.875 0.031228448275862075 0.022478448275862206
18 0.4225 0.43875 0.01738636363636359 0.01988636363636359
12 0.87 0.563125 0.03998579545454528 0.033735795454545414
06 0.49687499999999996 0.045625 0.011219512195121906 0.056219512195121946
09 0.513125 0.073125 0.026232142857142926 0.01873214285714285
09 0.875625 0.34562499999999996 0.018737500000000074 0.03373750000000003
