03 0.370625 0.295 0.0337335526315789 0.022483552631578974
06 0.378125 0.7262500000000001 0.06874161073825502 0.024991610738254955
14 0.3375 0.06937499999999999 0.04745689655172414 0.043706896551724134
03 0.315 0.7381249999999999 0.022494444444444484 0.03624444444444441
03 0.695625 0.15437499999999998 0.028738095238095118 0.02123809523809525
03 0.833125 0.424375 0.03874297752808986 0.023742977528089848
00 0.4225 0.0825 0.03999509803921569 0.032495098039215686
09 0.03 0.52625 0.02245689655172414 0.04745689655172414
08 0.8218749999999999 0.26 0.008728448275862166 0.01747844827586209
15 0.11812500000000001 0.933125 0.013636363636363627 0.04113636363636375
04 0.61 0.746875 0.03498579545454539 0.02873579545454541
18 0.694375 0.32437499999999997 0.018719512195121912 0.021219512195122026
05 0.7375 0.5862499999999999 0.03498214285714285 0.0274821428571429
20 0.22375 0.168125 0.027487499999999998 0.02123750000000002
