15 0.9650000000000001 0.2025 0.039983552631578934 0.05998355263157898
02 0.33999999999999997 0.870625 0.07499161073825505 0.06874161073825491
17 0.409375 0.16749999999999998 0.05870689655172412 0.06245689655172412
06 0.071875 0.28250000000000003 0.07374444444444445 0.12249444444444446
18 0.025625 0.19625 0.033738095238095234 0.03498809523809526
03 0.156875 0.574375 0.03874297752808986 0.05124297752808982
20 0.7987500000000001 0.5075 0.03499509803921563 0.03499509803921569
19 0.953125 0.5975 0.03370689655172421 0.049956896551724084
11 0.868125 0.066875 0.0487284482758622 0.03622844827586206
03 0.33125 0.8031250000000001 0.0323863636363636 0.06863636363636372
08 0.23625 0.643125 0.04498579545454545 0.041235795454545365
20 0.8356250000000001 0.48250000000000004 0.02871951219512192 0.022469512195122
