03 0.52 0.44562500000000005 0.027483552631578867 0.04373355263157891
08 0.736875 0.8456250000000001 0.0737416107382548 0.046241610738254946
01 0.320625 0.701875 0.0387068965517241 0.026206896551724146
00 0.298125 0.766875 0.031244444444444464 0.033744444444444355
09 0.6993750000000001 0.113125 0.041238095238095185 0.02873809523809523
09 0.285625 0.8968750000000001 0.028742977528089853 0.03374297752808986
14 0.1925 0.8143750000000001 0.03999509803921569 0.05124509803921573
20 0.791875 0.809375 0.046206896551724164 0.028706896551724204
04 0.104375 0.714375 0.03872844827586207 0.026228448275862237
15 0.8425 0.098125 0.06238636363636374 0.03613636363636363
20 0.7775000000000001 0.250625 0.029985795454545383 0.031235795454545467
