06 0.395 0.15500000000000003 0.034983552631578874 0.019983552631578944
08 0.5193749999999999 0.421875 0.06374161073825502 0.043741610738255
03 0.333125 0.39249999999999996 0.046206896551724164 0.04995689655172414
07 0.36375 0.6425 0.044994444444444504 0.1149944444444444
06 0.1868779761904762 0.8987499999999999 0.04374404761904763 0.10998809523809505
14 0.051250000000000004 0.9299999999999999 0.05749297752808989 0.10499297752808989
14 0.09812499999999999 0.5543750000000001 0.07374509803921568 0.05374509803921568
03 0.871875 0.479375 0.028706896551724204 0.023706896551724088
15 0.14687499999999998 0.181875 0.04372844827586206 0.07372844827586206
11 0.5375 0.31625 0.03988636363636355 0.0323863636363636
