05 0.8787499999999999 0.926875 0.022483552631578863 0.03873355263157885
03 0.049375 0.23562499999999997 0.021241610738255028 0.05124161073825503
07 0.448125 0.669375 0.018706896551724084 0.06370689655172412
03 0.52875 0.8475 0.012494444444444475 0.04499444444444434
06 0.611875 0.404375 0.026238095238095283 0.08873809523809528
08 0.2925 0.228125 0.04499297752808984 0.021242977528089846
05 0.26187499999999997 0.203125 0.018745098039215702 0.02874509803921571
06 0.49187499999999995 0.6793750000000001 0.06870689655172407 0.0812068965517242
03 0.7250000000000001 0.9775 0.059978448275862184 0.022478448275862206
15 0.45687500000000003 0.33375 0.021136363636363564 0.03488636363636366
09 0.890625 0.31875 0.0287357954545453 0.03998579545454545
18 0.35125 0.61 0.027469512195121948 0.029969512195122006
05 0.6481250000000001 0.940625 0.023732142857142757 0.04123214285714283
