08 0.37000411184210524 0.483125 0.03249177631578942 0.038733552631578905
14 0.944375 0.530625 0.04124161073825494 0.028741610738254986
12 0.53125 0.688125 0.06245689655172404 0.046206896551724164
16 0.79625 0.37124999999999997 0.06249444444444441 0.044994444444444504
06 0.20625 0.20062202380952382 0.057488095238095255 0.1537440476190476
01 0.9624999999999999 0.265625 0.02499297752808982 0.0212429775280899
20 0.59 0.3125 0.0474950980392157 0.0474950980392157
03 0.241875 0.7106250000000001 0.01870689655172411 0.04120689655172416
08 0.558125 0.6950000000000001 0.026228448275862126 0.05247844827586212
12 0.636278409090909 0.7 0.08244318181818178 0.0648863636363638
04 0.8668750000000001 0.35562499999999997 0.03873579545454542 0.028735795454545465
