02 0.526875 0.5875 0.02123355263157889 0.03498355263157893
03 0.29375 0.82125 0.06249161073825504 0.034991610738254963
03 0.2975 0.281875 0.009956896551724104 0.02120689655172414
04 0.513125 0.940625 0.033744444444444466 0.021244444444444288
03 0.37749999999999995 0.69 0.04498809523809527 0.03248809523809515
02 0.6012500000000001 0.06625 0.01749297752808976 0.02999297752808989
10 0.028749999999999998 0.416875 0.022495098039215688 0.02374509803921565
02 0.474375 0.2425 0.028706896551724093 0.03745689655172413
06 0.829375 0.483125 0.09622844827586219 0.021228448275862066
02 0.10375000000000001 0.79 0.024886363636363637 0.039886363636363775
03 0.176875 0.308125 0.026235795454545463 0.013735795454545452
