12 0.166875 0.77625 0.03873355263157893 0.05998355263157884
03 0.1725 0.364375 0.03999161073825505 0.018741610738255088
20 0.768125 0.143125 0.01370689655172408 0.011206896551724133
08 0.5100013888888888 0.250625 0.024997222222222226 0.03374444444444444
04 0.44625000000000004 0.7 0.03498809523809526 0.034988095238095096
15 0.25625 0.27375 0.052492977528089846 0.04499297752808984
03 0.618125 0.334375 0.07124509803921575 0.04624509803921567
02 0.91875 0.575625 0.04245689655172413 0.043706896551724106
09 0.53 0.920625 0.049978448275862064 0.0437284482758622
03 0.201875 0.4 0.033636363636363686 0.034886363636363604
