03 0.830625 0.143125 0.026233552631579005 0.02623355263157895
12 0.474375 0.859375 0.03624161073825505 0.036241610738254826
03 0.25375000000000003 0.8049999999999999 0.012456896551724161 0.029956896551724177
12 0.483125 0.450625 0.031244444444444464 0.05124444444444454
03 0.561875 0.856875 0.02873809523809534 0.02873809523809523
14 0.509375 0.01625 0.016242977528089897 0.027492977528089886
03 0.714375 0.28625 0.028745098039215655 0.029995098039215684
03 0.43562500000000004 0.46375 0.01870689655172414 0.024956896551724173
13 0.7025 0.640625 0.057478448275862126 0.0487284482758622
13 0.34687500000000004 0.9668749999999999 0.04113636363636358 0.036136363636363744
11 0.370625 0.935 0.02373579545454546 0.02248579545454532
06 0.1925 0.235625 0.07746951219512196 0.07121951219512196
