03 0.25875000000000004 0.150625 0.049983552631579 0.02623355263157895
03 0.19874999999999998 0.910625 0.04999161073825506 0.05124161073825495
20 0.32375 0.385625 0.04995689655172414 0.0387068965517241
18 0.9075 0.565625 0.029994444444444324 0.03124444444444452
18 0.166875 0.22062500000000002 0.03373809523809526 0.036238095238095264
03 0.32562500000000005 0.22375 0.09374297752808985 0.05499297752808985
02 0.76125 0.21187377450980394 0.06249509803921571 0.06374754901960786
14 0.846875 0.073125 0.05870689655172412 0.07620689655172413
04 0.650625 0.258125 0.053728448275862095 0.04622844827586203
14 0.67125 0.369375 0.039886363636363775 0.0586363636363636
02 0.44 0.7418750000000001 0.05748579545454546 0.06623579545454528
