01 0.876875 0.9668749999999999 0.026233552631578894 0.02123355263157889
03 0.03125 0.9768749999999999 0.052491610738255035 0.013741610738254972
15 0.35124999999999995 0.6956249999999999 0.044956896551724135 0.023706896551724088
08 0.473125 0.895625 0.04874444444444448 0.031244444444444408
03 0.56125 0.48 0.03248809523809526 0.06498809523809523
01 0.27249999999999996 0.7362500000000001 0.03249297752808983 0.02499297752808982
11 0.38375 0.87 0.027495098039215682 0.01999509803921562
03 0.46187500000000004 0.401875 0.06620689655172413 0.0362068965517241
07 0.4993696120689655 0.24625000000000002 0.03873922413793107 0.09247844827586207
03 0.8487784090909091 0.48375 0.022443181818181834 0.022386363636363593
03 0.14375 0.9450000000000001 0.017485795454545455 0.02248579545454532
18 0.105 0.45999999999999996 0.01996951219512194 0.022469512195122
03 0.950625 0.565 0.026232142857142926 0.029982142857142846
