08 0.23125 0.052500000000000005 0.01748355263157897 0.012483552631578958
19 0.05562709731543624 0.598125 0.006245805369127513 0.008741610738255079
18 0.51625 0.9575 0.009956896551724048 0.012456896551724106
15 0.5662499999999999 0.66875 0.019994444444444537 0.017494444444444368
18 0.38625 0.143125 0.012488095238095298 0.013738095238095216
03 0.75125 0.048125 0.039992977528089835 0.01624297752808989
19 0.525625 0.188125 0.02624509803921571 0.02374509803921568
06 0.355 0.654375 0.024956896551724117 0.016206896551724137
17 0.0125 0.713125 0.02247844827586207 0.018728448275862286
15 0.56125 0.41625 0.009886363636363638 0.014886363636363587
03 0.7537499999999999 0.52125 0.029985795454545383 0.029985795454545494
09 0.15 0.396875 0.01996951219512194 0.018719512195121968
07 0.20875 0.375625 0.007482142857142826 0.026232142857142815
