20 0.76875 0.589375 0.03748355263157899 0.03873355263157885
04 0.7025 0.07250000000000001 0.03999161073825497 0.037491610738255035
04 0.829375 0.155 0.04120689655172416 0.04245689655172413
03 0.16499999999999998 0.499375 0.022494444444444456 0.05874444444444449
15 0.455625 0.329375 0.0462380952380953 0.02373809523809528
06 0.8118749999999999 0.490625 0.023742977528089848 0.028742977528089853
02 0.0325 0.6031249999999999 0.029995098039215688 0.06374509803921569
03 0.7775 0.04125 0.024956896551724173 0.017456896551724138
06 0.358125 0.451875 0.1187284482758621 0.058728448275862044
14 0.654375 0.950625 0.0686363636363636 0.0336363636363638
04 0.101875 0.828125 0.043735795454545465 0.026235795454545352
01 0.10062499999999999 0.9775 0.026219512195121933 0.027469512195121948
08 0.7849999999999999 0.95 0.049982142857142864 0.049982142857142864
