03 0.8150041118421053 0.96 0.024991776315789416 0.022483552631578863
00 0.565 0.95 0.03249161073825502 0.0274916107382549
14 0.5331250000000001 0.516875 0.03120689655172415 0.04370689655172416
03 0.319375 0.3725 0.013744444444444448 0.027494444444444488
20 0.514375 0.6443749999999999 0.036238095238095236 0.031238095238095176
01 0.840625 0.803125 0.016242977528089786 0.018742977528089844
04 0.023125 0.31625000000000003 0.031245098039215685 0.03499509803921569
15 0.96375 0.03937500000000001 0.029956896551724066 0.04620689655172414
03 0.8418749999999999 0.809375 0.036228448275862246 0.03872844827586219
15 0.803125 0.32437499999999997 0.02113636363636373 0.013636363636363613
06 0.5762499999999999 0.28500000000000003 0.06998579545454542 0.022485795454545487
06 0.24562499999999998 0.805625 0.016219512195121966 0.03871951219512193
04 0.704375 0.12375 0.03123214285714282 0.024982142857142883
