06 0.15375 0.2575 0.03748355263157896 0.06998355263157896
03 0.705625 0.698125 0.07874161073825492 0.0537416107382549
14 0.44937499999999997 0.431875 0.06120689655172412 0.13370689655172413
18 0.8775 0.450625 0.05499444444444446 0.05874444444444449
10 0.734375 0.365 0.07623809523809522 0.03998809523809527
20 0.715625 0.8175 0.03374297752808986 0.022492977528089764
05 0.280625 0.6112500000000001 0.04624509803921567 0.08249509803921573
18 0.831875 0.640625 0.05870689655172412 0.061206896551724066
19 0.13624999999999998 0.5675 0.06997844827586205 0.07247844827586203
09 0.24125 0.8712500000000001 0.09488636363636366 0.06738636363636374
18 0.7175 0.18 0.04998579545454529 0.05248579545454546
03 0.095 0.174375 0.05246951219512194 0.06121951219512195
