02 0.080625 0.71875 0.04373355263157895 0.03248355263157898
00 0.713125 0.49875 0.04124161073825494 0.027491610738255068
01 0.613125 0.104375 0.046206896551724164 0.03620689655172413
14 0.274375 0.26 0.04624444444444442 0.029994444444444435
04 0.559375 0.37875000000000003 0.051238095238095194 0.03998809523809527
03 0.32875 0.136875 0.029992977528089826 0.0337429775280899
08 0.53125 0.1475 0.02999509803921563 0.042495098039215695
20 0.908125 0.8631249999999999 0.036206896551724155 0.0337068965517241
03 0.8487499999999999 0.469375 0.0174784482758622 0.05122844827586204
18 0.49250000000000005 0.92875 0.0298863636363636 0.03238636363636371
03 0.768125 0.26187499999999997 0.058735795454545325 0.021235795454545514
06 0.284375 0.15875 0.03121951219512198 0.027469512195121948
10 0.835 0.6025 0.029982142857142846 0.029982142857142846
