11 0.5543750000000001 0.42625 0.04123355263157891 0.034983552631578874
03 0.125625 0.05 0.06624161073825505 0.03749161073825503
03 0.718125 0.12375 0.0237068965517242 0.032456896551724124
03 0.919375 0.63375 0.02874444444444435 0.08499444444444448
14 0.69625 0.390625 0.044988095238095105 0.033738095238095234
06 0.364375 0.090625 0.09374297752808985 0.03624297752808989
07 0.365625 0.574375 0.043745098039215724 0.03624509803921572
01 0.468125 0.5725 0.028706896551724148 0.02745689655172412
07 0.31375 0.1275 0.03747844827586205 0.034978448275862065
03 0.82875 0.608125 0.04238636363636372 0.02113636363636362
04 0.12062500000000001 0.281875 0.036235795454545486 0.028735795454545465
10 0.7106250000000001 0.5931249999999999 0.03371951219512204 0.03621951219512198
01 0.8474999999999999 0.051250000000000004 0.03248214285714279 0.032482142857142855
