03 0.725625 0.453125 0.033733552631578845 0.02873355263157895
08 0.953125 0.52625 0.013741610738254861 0.014991610738255057
03 0.231875 0.753125 0.033706896551724125 0.01370689655172408
01 0.6156250000000001 0.470625 0.02124444444444451 0.016244444444444506
09 0.933125 0.5856250000000001 0.03873809523809513 0.03873809523809524
01 0.11499999999999999 0.6775 0.014992977528089882 0.012492977528089866
01 0.669375 0.76875 0.013745098039215642 0.012495098039215669
18 0.925 0.93625 0.01745689655172411 0.019956896551724168
03 0.9806303879310344 0.84125 0.011239224137931103 0.04747844827586223
03 0.1075 0.791875 0.014886363636363642 0.033636363636363686
14 0.51375 0.611875 0.032485795454545496 0.031235795454545467
