08 0.3312541118421053 0.44125000000000003 0.029991776315789476 0.024983552631578865
17 0.18 0.3825 0.04249161073825505 0.034991610738255075
08 0.47498922413793104 0.97125 0.039978448275862055 0.047456896551724026
01 0.51875 0.3125 0.0424944444444445 0.03749444444444444
03 0.36250000000000004 0.60875 0.04498809523809527 0.054988095238095225
20 0.284375 0.28625 0.018742977528089844 0.014992977528089813
03 0.903125 0.175 0.028745098039215766 0.06499509803921569
13 0.349375 0.09312499999999999 0.046206896551724164 0.09120689655172413
20 0.290625 0.5393749999999999 0.03622844827586208 0.02372844827586207
13 0.9075 0.33875 0.039886363636363775 0.09738636363636366
14 0.973125 0.385625 0.0287357954545453 0.018735795454545512
09 0.8156326219512195 0.34125 0.05623475609756101 0.03746951219512196
10 0.260625 0.649375 0.036232142857142824 0.036232142857142824
