14 0.7662500000000001 0.686875 0.04248355263157888 0.026233552631578894
14 0.35687500000000005 0.83625 0.033741610738255046 0.042491610738254915
05 0.18125000000000002 0.795625 0.014956896551724136 0.0387068965517241
20 0.354375 0.579375 0.03124444444444452 0.033744444444444466
15 0.113125 0.44437499999999996 0.026238095238095227 0.02373809523809528
15 0.281875 0.08374999999999999 0.04624297752808987 0.02249297752808989
03 0.491875 0.10062499999999999 0.04124509803921572 0.016245098039215686
08 0.880625 0.5575 0.01370689655172419 0.0549568965517242
20 0.065 0.7112499999999999 0.017478448275862063 0.014978448275862255
03 0.78625 0.6512500000000001 0.022386363636363704 0.03738636363636372
14 0.62 0.715625 0.03248579545454544 0.02873579545454541
18 0.021249999999999998 0.305 0.024969512195121953 0.027469512195121948
00 0.18 0.5425 0.027482142857142844 0.019982142857142837
03 0.5225 0.46625000000000005 0.027487499999999998 0.03998750000000001
