10 0.419375 0.22062500000000002 0.0362335526315789 0.04373355263157899
08 0.734375 0.895 0.04374161073825489 0.04999161073825498
05 0.666875 0.8443750000000001 0.028706896551724093 0.053706896551724115
02 0.345 0.57 0.042494444444444446 0.047494444444444506
20 0.14125 0.395625 0.04248809523809524 0.041238095238095296
05 0.084375 0.421875 0.06124297752808989 0.028742977528089853
08 0.8831249999999999 0.58 0.046245098039215615 0.027495098039215682
08 0.41000000000000003 0.9199999999999999 0.08745689655172412 0.029956896551724177
06 0.7268749999999999 0.0625 0.15372844827586218 0.04247844827586206
12 0.609375 0.411875 0.051136363636363535 0.056136363636363595
03 0.47375 0.7975000000000001 0.04248579545454545 0.07498579545454531
10 0.831875 0.1625 0.04121951219512199 0.04496951219512196
