10 0.176875 0.401875 0.04123355263157896 0.026233552631578894
04 0.755625 0.280625 0.03374161073825488 0.02624161073825504
20 0.6481250000000001 0.89375 0.018706896551724195 0.014956896551724053
15 0.245 0.663125 0.037494444444444414 0.12874444444444433
06 0.374375 0.384375 0.016238095238095274 0.11623809523809531
08 0.49 0.65375 0.05999297752808985 0.02499297752808982
10 0.54 0.040625 0.03999509803921575 0.03374509803921569
09 0.573125 0.075 0.04120689655172405 0.044956896551724135
20 0.516875 0.56125 0.02122844827586201 0.0274784482758621
09 0.854375 0.9437500000000001 0.04863636363636381 0.0798863636363637
10 0.77125 0.388125 0.054985795454545405 0.04873579545454543
00 0.23062499999999997 0.411875 0.04121951219512196 0.026219512195121975
02 0.380625 0.22125 0.028732142857142817 0.017482142857142835
09 0.24562499999999998 0.349375 0.036237500000000006 0.07123750000000001
