08 0.08374999999999999 0.441875 0.017483552631578955 0.04123355263157891
03 0.458125 0.029375 0.023741610738255092 0.023741610738255033
20 0.799375 0.763125 0.023706896551724088 0.02120689655172414
11 0.16375 0.58125 0.022494444444444456 0.01749444444444448
18 0.9425 0.69875 0.017488095238095136 0.019988095238095083
03 0.476875 0.3425 0.018742977528089844 0.014992977528089868
01 0.38875 0.39875 0.022495098039215677 0.022495098039215677
12 0.5531250000000001 0.8087500000000001 0.05120689655172417 0.04245689655172413
14 0.8925000000000001 0.7475 0.029978448275862157 0.03497844827586227
02 0.15000000000000002 0.23625000000000002 0.059886363636363654 0.02738636363636368
20 0.734375 0.041249999999999995 0.01873579545454529 0.017485795454545455
10 0.11125 0.195625 0.022469512195121943 0.016219512195121966
12 0.64375 0.05375 0.0274821428571429 0.02998214285714286
18 0.11625 0.880625 0.012487500000000012 0.016237500000000016
