20 0.44625000000000004 0.77 0.059983552631578896 0.05248355263157889
03 0.4475 0.33125 0.042491610738255026 0.11499161073825503
05 0.941875 0.360625 0.0387068965517241 0.07620689655172413
03 0.12875 0.07625 0.03999444444444446 0.049994444444444446
06 0.14749702380952381 0.8531249999999999 0.039994047619047624 0.2012380952380951
19 0.61 0.814375 0.04249297752808978 0.03874297752808986
06 0.390625 0.318125 0.1262450980392157 0.1662450980392157
03 0.445625 0.5175000000000001 0.03120689655172415 0.1124568965517242
14 0.1625 0.588125 0.07997844827586205 0.10122844827586208
20 0.09125 0.66625 0.029886363636363628 0.02488636363636365
12 0.769375 0.755 0.12123579545454533 0.06998579545454531
20 0.778125 0.10125 0.061219512195121895 0.04746951219512195
