16 0.525 0.724375 0.02498355263157892 0.04123355263157891
20 0.51125 0.7306250000000001 0.024991610738255066 0.028741610738254875
15 0.086875 0.339375 0.016206896551724137 0.03370689655172415
04 0.21375 0.169375 0.03249444444444444 0.02624444444444443
01 0.971875 0.0775 0.028738095238095118 0.022488095238095224
08 0.280625 0.96875 0.01374297752808984 0.03249297752808977
06 0.895625 0.455 0.03374509803921577 0.09249509803921574
20 0.788125 0.9075 0.02120689655172414 0.019956896551724168
07 0.140625 0.06686961206896552 0.03872844827586207 0.051239224137931035
07 0.213125 0.9456249999999999 0.14613636363636365 0.04613636363636375
15 0.2475 0.704375 0.03498579545454547 0.0287357954545453
06 0.4999923780487805 0.230625 0.022484756097560954 0.053719512195122
