03 0.20375 0.139375 0.022483552631578974 0.03373355263157894
04 0.713125 0.25875000000000004 0.02374161073825487 0.027491610738255068
04 0.475 0.934375 0.02245689655172417 0.02120689655172414
11 0.800625 0.19625 0.023744444444444346 0.019994444444444426
03 0.6793779761904762 0.894375 0.01624404761904752 0.01873809523809511
14 0.8143750000000001 0.0675 0.023742977528089848 0.05499297752808989
11 0.7849999999999999 0.8518749999999999 0.02999509803921574 0.03374509803921566
03 0.59625 0.27625 0.022456896551724115 0.034956896551724126
04 0.385 0.23125 0.03497844827586205 0.032478448275862076
04 0.928125 0.4175 0.028636363636363793 0.0323863636363636
09 0.103125 0.27749999999999997 0.021235795454545472 0.032485795454545496
