00 0.85625 0.15125000000000002 0.057483552631578894 0.05498355263157896
03 0.495 0.408125 0.04249161073825508 0.05124161073825506
03 0.193125 0.660625 0.01870689655172411 0.06370689655172412
14 0.68375 0.70625 0.03499444444444433 0.02499444444444443
05 0.056875 0.23625000000000002 0.05373809523809524 0.02498809523809528
18 0.455625 0.163125 0.028742977528089853 0.031242977528089855
04 0.8043750000000001 0.0875 0.04374509803921567 0.029995098039215698
04 0.800625 0.481875 0.046206896551724164 0.03120689655172415
03 0.42625 0.47125 0.0874784482758621 0.03747844827586211
10 0.7306250000000001 0.9724999999999999 0.028636363636363682 0.02738636363636371
03 0.343125 0.375625 0.031235795454545467 0.04873579545454548
