03 0.8562541118421052 0.59 0.01999177631578941 0.02498355263157892
03 0.405 0.143125 0.03499161073825502 0.018741610738255032
18 0.10125 0.31 0.009956896551724118 0.012456896551724106
06 0.366875 0.18625000000000003 0.04874444444444448 0.05249444444444443
06 0.4475029761904762 0.88375 0.03999404761904768 0.04998809523809511
04 0.86375 0.019999999999999997 0.02499297752808982 0.017492977528089884
03 0.12687622549019606 0.355 0.03624754901960783 0.02499509803921568
03 0.074375 0.125625 0.016206896551724137 0.013706896551724121
18 0.7 0.881875 0.014978448275862255 0.01622844827586223
18 0.805625 0.875625 0.011136363636363722 0.013636363636363669
14 0.51875 0.526875 0.02498579545454549 0.018735795454545512
01 0.03 0.09375 0.009969512195121957 0.00746951219512193
04 0.4075 0.869375 0.01998214285714278 0.02123214285714292
03 0.26375000000000004 0.506246875 0.014987499999999987 0.009993750000000023
