17 0.11000000000000001 0.4425 0.03998355263157895 0.05498355263157895
07 0.87375 0.94875 0.014991610738254946 0.07749161073825483
08 0.27 0.145 0.02995689655172412 0.04495689655172412
12 0.13624999999999998 0.32875 0.04999444444444444 0.06749444444444447
06 0.21687499999999998 0.6993720238095238 0.04373809523809527 0.02374404761904758
09 0.153125 0.17562499999999998 0.033742977528089885 0.04124297752808989
03 0.379375 0.065 0.03874509803921572 0.07999509803921567
13 0.78125 0.513125 0.17495689655172408 0.06120689655172418
08 0.108125 0.424375 0.031228448275862075 0.01372844827586206
07 0.3187215909090909 0.2205965909090909 0.09494318181818179 0.02869318181818184
16 0.44437499999999996 0.21375 0.04873579545454548 0.05248579545454546
18 0.026874999999999996 0.036250000000000004 0.031219512195121948 0.034969512195121955
12 0.26875 0.8318749999999999 0.05498214285714284 0.05123214285714284
