06 0.816875 0.12 0.04873355263157886 0.07998355263157896
00 0.1725 0.8125 0.03749161073825505 0.02999161073825496
03 0.2025 0.7737499999999999 0.014956896551724136 0.09745689655172407
03 0.294375 0.2025 0.03874444444444447 0.01749444444444445
18 0.0525 0.31562500000000004 0.019988095238095235 0.02373809523809528
02 0.8456232443820224 0.12625 0.016246488764044886 0.062492977528089896
03 0.651875 0.933125 0.04874509803921567 0.046245098039215726
03 0.11812500000000001 0.41812499999999997 0.048706896551724124 0.04370689655172416
18 0.814375 0.12187499999999998 0.02372844827586218 0.026228448275862057
08 0.835 0.7725 0.04238636363636372 0.03488636363636377
