10 0.29500000000000004 0.835 0.049983552631579 0.047483552631578885
01 0.9275 0.37375 0.042491610738254915 0.029991610738255015
03 0.893125 0.37124999999999997 0.03120689655172415 0.05745689655172409
08 0.39125 0.594375 0.09499444444444449 0.03874444444444447
03 0.80375 0.87375 0.14748809523809514 0.18748809523809518
04 0.888125 0.250625 0.05624297752808982 0.05374297752808985
08 0.950625 0.5925 0.06124509803921574 0.06999509803921566
11 0.93625 0.303125 0.049956896551724084 0.041206896551724104
08 0.7175 0.901875 0.022478448275862206 0.06872844827586222
04 0.4925 0.596875 0.054886363636363567 0.05613636363636354
08 0.426875 0.08937500000000001 0.0662357954545455 0.06123579545454545
