03 0.98125 0.426875 0.02498355263157892 0.023733552631578947
20 0.739375 0.680625 0.013741610738254861 0.011241610738254915
01 0.0525 0.20750000000000002 0.012456896551724148 0.009956896551724131
13 0.353125 0.489375 0.031244444444444464 0.02874444444444446
03 0.343125 0.459375 0.016238095238095274 0.026238095238095227
06 0.32625000000000004 0.40875 0.004992977528089859 0.07249297752808981
13 0.66 0.9237500000000001 0.05749509803921571 0.059995098039215766
19 0.8200000000000001 0.6275 0.022456896551724115 0.019956896551724168
14 0.020625 0.110625 0.01622844827586207 0.031228448275862075
04 0.215625 0.411875 0.01613636363636367 0.018636363636363562
