12 0.273125 0.5543750000000001 0.12373355263157895 0.0937335526315789
03 0.596875 0.616875 0.07374161073825503 0.07124161073825497
11 0.673125 0.265625 0.08620689655172409 0.08120689655172411
06 0.575 0.096875 0.14749444444444437 0.16874444444444445
02 0.426875 0.075625 0.13123809523809526 0.10373809523809524
03 0.9025 0.35562499999999997 0.05999297752808985 0.10374297752808986
08 0.581875 0.811875 0.0787450980392157 0.07624509803921575
18 0.7675 0.755625 0.06745689655172415 0.07120689655172407
20 0.100625 0.23562499999999997 0.05372844827586207 0.038728448275862054
14 0.88125 0.858125 0.0848863636363637 0.0486363636363637
03 0.8243750000000001 0.515625 0.05623579545454527 0.061235795454545494
20 0.72375 0.288125 0.039969512195122014 0.03621951219512198
03 0.5762499999999999 0.8831249999999999 0.0424821428571428 0.09623214285714277
