03 0.3775 0.30937499999999996 0.0674835526315789 0.05873355263157892
03 0.718125 0.669375 0.04374161073825489 0.06624161073825496
03 0.6725 0.159375 0.014956896551724164 0.03620689655172413
13 0.5900000000000001 0.18062499999999998 0.05499444444444446 0.07124444444444444
03 0.17625000000000002 0.429375 0.04248809523809524 0.033738095238095234
09 0.074375 0.806875 0.041242977528089884 0.05624297752808993
03 0.7937512254901962 0.58375 0.032497549019607885 0.042495098039215695
07 0.128125 0.6881250000000001 0.016206896551724123 0.21870689655172415
08 0.37124999999999997 0.5018750000000001 0.04747844827586206 0.03372844827586208
16 0.074375 0.2975 0.06113636363636363 0.05488636363636368
03 0.14375 0.105 0.05998579545454545 0.03748579545454547
03 0.16812500000000002 0.75125 0.01871951219512194 0.06246951219512198
