05 0.24375 0.2925 0.042483552631578936 0.024983552631578976
18 0.781875 0.731875 0.018741610738254977 0.021241610738254812
06 0.358125 0.48 0.058706896551724175 0.032456896551724124
06 0.825625 0.97 0.051244444444444315 0.029994444444444324
14 0.729375 0.425625 0.023738095238095225 0.016238095238095274
03 0.15562499999999999 0.485625 0.04874297752808987 0.028742977528089853
13 0.31999999999999995 0.39937500000000004 0.02499509803921568 0.06624509803921569
20 0.87 0.525 0.014956896551724164 0.014956896551724164
06 0.23125 0.23249999999999998 0.11747844827586207 0.01497844827586206
07 0.7362500000000001 0.16562500000000002 0.03488636363636377 0.031136363636363656
