09 0.408125 0.056249999999999994 0.07373355263157888 0.08248355263157894
02 0.5175000000000001 0.73375 0.01999161073825506 0.06749161073825483
06 0.304375 0.19873922413793105 0.17620689655172417 0.03747844827586208
12 0.6681250000000001 0.209375 0.03874444444444436 0.04124444444444442
03 0.885 0.11375 0.05748809523809517 0.03248809523809523
15 0.853125 0.770625 0.018742977528089844 0.0312429775280898
03 0.42625 0.6775 0.03499509803921569 0.032495098039215686
08 0.613125 0.30562500000000004 0.036206896551724155 0.031206896551724095
07 0.336875 0.55 0.028728448275862073 0.06247844827586213
09 0.6112500000000001 0.40375 0.05238636363636362 0.037386363636363606
06 0.140625 0.16499999999999998 0.02123579545454546 0.039985795454545475
03 0.146875 0.4 0.11371951219512194 0.04496951219512196
12 0.44437499999999996 0.725 0.08123214285714281 0.07998214285714278
18 0.694375 0.06375 0.036237500000000034 0.0374875
