07 0.6924958881578946 0.054375 0.03999177631578943 0.013733552631578952
02 0.685625 0.618125 0.021241610738254924 0.021241610738255035
19 0.4125 0.754375 0.019956896551724113 0.03120689655172415
03 0.938751388888889 0.229375 0.024997222222222226 0.03624444444444441
04 0.383125 0.5018750000000001 0.02873809523809523 0.016238095238095274
05 0.65625 0.901875 0.01749297752808987 0.026242977528089906
08 0.515 0.54 0.04249509803921564 0.022495098039215677
00 0.88625 0.5175000000000001 0.024956896551724173 0.02495689655172406
18 0.29375 0.06875 0.01747844827586209 0.019978448275862072
15 0.215625 0.9256249999999999 0.028636363636363654 0.016136363636363726
02 0.8187535511363637 0.031249999999999997 0.024992897727272756 0.022485795454545453
02 0.26625 0.05437499999999999 0.027469512195122003 0.05871951219512195
03 0.4075 0.20625 0.01998214285714278 0.014982142857142833
12 0.391875 0.8225 0.018737500000000018 0.03498749999999995
