12 0.17625000000000002 0.816875 0.05248355263157897 0.053733552631578974
01 0.32437499999999997 0.24687499999999998 0.02124161073825509 0.018741610738255032
18 0.014374999999999999 0.863125 0.016206896551724137 0.018706896551724084
01 0.31 0.588125 0.014994444444444421 0.016244444444444506
00 0.15125 0.84 0.024988095238095226 0.017488095238095136
14 0.4925 0.30625 0.02499297752808982 0.02999297752808988
17 0.175 0.78 0.024995098039215707 0.02999509803921574
06 0.354375 0.6681250000000001 0.07370689655172413 0.06620689655172407
06 0.9575 0.7318696120689656 0.06747844827586214 0.04373922413793119
03 0.6468465909090909 0.92 0.008693181818181905 0.04238636363636372
06 0.5587500000000001 0.01625 0.06498579545454553 0.024985795454545455
01 0.6487499999999999 0.4125 0.014969512195121992 0.014969512195121937
