10 0.4375 0.819375 0.02498355263157892 0.026233552631578894
10 0.26625 0.879375 0.01999161073825506 0.018741610738254977
13 0.051250000000000004 0.6368750000000001 0.04745689655172414 0.053706896551724115
04 0.376875 0.15375 0.03124444444444452 0.022494444444444456
15 0.3225 0.599375 0.019988095238095305 0.01873809523809533
06 0.31 0.75125 0.029992977528089826 0.03499297752808983
04 0.33375 0.6018749999999999 0.027495098039215682 0.026245098039215597
03 0.7962499999999999 0.8518749999999999 0.012456896551724106 0.043706896551724106
06 0.569375 0.10125 0.07622844827586206 0.052478448275862066
03 0.09125 0.893125 0.04738636363636363 0.026136363636363735
07 0.22625 0.923125 0.04998579545454543 0.01873579545454529
03 0.806875 0.07250000000000001 0.013719512195121908 0.012469512195121948
14 0.13375 0.10875000000000001 0.03748214285714287 0.03998214285714287
15 0.770625 0.51875 0.028737500000000082 0.05498750000000002
