17 0.049375 0.663125 0.02873355263157895 0.026233552631578894
02 0.45375 0.253125 0.024991610738255066 0.03874161073825508
07 0.31875 0.715 0.024956896551724117 0.03745689655172413
15 0.244375 0.06187499999999999 0.02624444444444443 0.03874444444444443
03 0.0225 0.193125 0.017488095238095233 0.05373809523809528
11 0.1775 0.54 0.029992977528089854 0.02499297752808982
01 0.354375 0.036875000000000005 0.021245098039215704 0.021245098039215683
15 0.105625 0.153125 0.013706896551724135 0.01620689655172411
18 0.19 0.40249999999999997 0.019978448275862065 0.02247844827586204
08 0.729375 0.110625 0.016136363636363837 0.03113636363636363
07 0.14 0.574375 0.10248579545454548 0.031235795454545467
02 0.923125 0.12062500000000001 0.04621951219512199 0.051219512195121955
03 0.6 0.6375 0.03498214285714285 0.03498214285714285
18 0.595 0.41625 0.01748749999999999 0.019987500000000047
