19 0.733125 0.146875 0.02873355263157895 0.013733552631578938
07 0.8968750000000001 0.524375 0.026241610738254928 0.013741610738255083
15 0.225625 0.774375 0.011206896551724133 0.016206896551724137
02 0.329375 0.18 0.02624444444444446 0.029994444444444435
08 0.8262499999999999 0.8300000000000001 0.02248809523809514 0.03248809523809515
08 0.433125 0.193125 0.028742977528089853 0.011242977528089865
19 0.9356249999999999 0.011875 0.013745098039215642 0.013745098039215685
05 0.984375 0.44625000000000004 0.011206896551724022 0.024956896551724117
07 0.15875 0.6212500000000001 0.04747844827586206 0.012478448275862086
06 0.63375 0.051250000000000004 0.04238636363636372 0.03238636363636364
03 0.26875 0.54375 0.019985795454545485 0.009985795454545476
03 0.61 0.754375 0.012469512195121935 0.011219512195121961
20 0.900625 0.969375 0.01373214285714286 0.01373214285714286
03 0.5700000000000001 0.660625 0.022487500000000105 0.026237500000000025
