09 0.42562500000000003 0.063125 0.028733552631578896 0.033733552631578956
13 0.120625 0.606875 0.04624161073825503 0.05124161073825506
16 0.47 0.11499999999999999 0.034956896551724126 0.02995689655172412
14 0.98875 0.027500000000000004 0.012494444444444364 0.022494444444444445
03 0.6425 0.7418750000000001 0.017488095238095136 0.04623809523809508
00 0.279375 0.528125 0.028742977528089853 0.018742977528089844
18 0.78 0.184375 0.01999509803921573 0.02374509803921568
03 0.075 0.71 0.03245689655172413 0.019956896551724168
01 0.35375 0.10250000000000001 0.014978448275862033 0.012478448275862072
20 0.426875 0.218125 0.023636363636363567 0.021136363636363648
08 0.615 0.36749644886363636 0.02498579545454538 0.03749289772727271
06 0.5506249999999999 0.164375 0.04871951219512194 0.08121951219512195
03 0.746875 0.6868749999999999 0.018732142857142864 0.07123214285714285
