06 0.8825000000000001 0.91125 0.019983552631578916 0.047483552631578885
15 0.808125 0.47375 0.011241610738254915 0.012491610738255055
20 0.811875 0.058750000000000004 0.018706896551724084 0.01495689655172415
07 0.524375 0.90125 0.023744444444444457 0.022494444444444373
03 0.5599970238095238 0.596875 0.027494047619047612 0.013738095238095327
18 0.31 0.185 0.01749297752808987 0.019992977528089872
00 0.41500000000000004 0.933125 0.019995098039215675 0.013745098039215753
06 0.090625 0.5900000000000001 0.03620689655172413 0.04245689655172413
04 0.229375 0.396875 0.016228448275862062 0.016228448275862062
03 0.5662499999999999 0.9325 0.0323863636363636 0.029886363636363766
20 0.82125 0.649375 0.017485795454545316 0.011235795454545339
12 0.46125 0.23125 0.01746951219512194 0.02246951219512197
