03 0.1725 0.7606208881578947 0.044983552631578966 0.031241776315789505
18 0.13375 0.22312500000000002 0.01749161073825506 0.021241610738255062
20 0.9612499999999999 0.44875 0.014956896551724053 0.014956896551724108
08 0.6337499999999999 0.5974999999999999 0.039994444444444444 0.029994444444444546
10 0.229375 0.105625 0.026238095238095283 0.016238095238095232
03 0.04375 0.039375 0.05999297752808988 0.03624297752808989
06 0.74125 0.44125 0.042495098039215695 0.09499509803921569
20 0.639375 0.90875 0.04120689655172416 0.03495689655172407
04 0.8687499999999999 0.05375 0.03747844827586222 0.034978448275862065
03 0.90375 0.029375 0.02738636363636371 0.03613636363636363
06 0.4175 0.36375 0.049985795454545456 0.07998579545454548
18 0.42500000000000004 0.91625 0.022469512195122 0.02496951219512189
