01 0.943125 0.345 0.023733552631578947 0.01998355263157886
18 0.276875 0.135625 0.02624161073825504 0.02874161073825504
14 0.59125 0.715625 0.022456896551724115 0.04870689655172411
15 0.058750000000000004 0.56 0.027494444444444446 0.03249444444444449
18 0.029375 0.735625 0.03123809523809523 0.03373809523809512
01 0.585 0.561875 0.03499297752808983 0.026242977528089906
03 0.316875 0.90375 0.041245098039215666 0.03499509803921563
03 0.63 0.115625 0.05245689655172403 0.038706896551724115
13 0.73625 0.650625 0.09497844827586222 0.08372844827586212
05 0.951875 0.61625 0.03113636363636374 0.04238636363636361
06 0.524375 0.079375 0.02873579545454541 0.028735795454545465
06 0.29 0.239375 0.15496951219512198 0.11121951219512197
