04 0.39437500000000003 0.911875 0.028733552631578896 0.02873355263157884
12 0.709375 0.16499999999999998 0.03374161073825488 0.03749161073825505
00 0.46125 0.53125 0.032456896551724124 0.024956896551724173
05 0.31375000000000003 0.8825000000000001 0.03499444444444444 0.019994444444444315
07 0.218125 0.108125 0.013738095238095244 0.07123809523809523
05 0.31875 0.7375 0.019992977528089872 0.04499297752808984
02 0.388125 0.82125 0.038745098039215664 0.07749509803921573
16 0.836875 0.125 0.053706896551724115 0.04995689655172414
04 0.1375 0.6025 0.03247844827586206 0.037478448275862
20 0.46625 0.20750000000000002 0.04238636363636361 0.02738636363636368
20 0.88125 0.301875 0.017485795454545316 0.018735795454545512
14 0.10375 0.08374999999999999 0.09746951219512193 0.03746951219512194
