08 0.15125 0.895 0.019983552631578944 0.037483552631578876
14 0.753125 0.913125 0.021241610738254924 0.02374161073825487
20 0.825 0.7575000000000001 0.032456896551724124 0.029956896551724177
03 0.8543750000000001 0.5237499999999999 0.02874444444444435 0.03499444444444444
11 0.33687500000000004 0.3375 0.036238095238095236 0.037488095238095265
11 0.42500000000000004 0.63375 0.03749297752808983 0.032492977528089884
18 0.9256249999999999 0.135625 0.021245098039215704 0.023745098039215692
14 0.926875 0.1375 0.018706896551724084 0.029956896551724135
15 0.895 0.30000000000000004 0.07247844827586225 0.027478448275862044
08 0.6000000000000001 0.609375 0.0323863636363636 0.04613636363636364
20 0.6993750000000001 0.826875 0.031235795454545356 0.031235795454545356
