18 0.65125 0.6018749999999999 0.027483552631578867 0.031233552631578898
18 0.735625 0.59375 0.031241610738254932 0.03249161073825513
06 0.505 0.7437499999999999 0.02245689655172417 0.0649568965517241
03 0.455625 0.37 0.02874444444444446 0.0399944444444445
03 0.6599999999999999 0.326875 0.05248809523809517 0.03373809523809529
11 0.62875 0.6912499999999999 0.039992977528089835 0.04249297752808989
03 0.373125 0.1325 0.021245098039215704 0.0474950980392157
20 0.198125 0.494375 0.03620689655172413 0.03370689655172415
07 0.32375 0.45687500000000003 0.029978448275862046 0.048728448275862035
04 0.193125 0.6268750000000001 0.03363636363636366 0.018636363636363673
01 0.146875 0.20375 0.026235795454545463 0.027485795454545464
07 0.40125 0.640625 0.04496951219512202 0.0662195121951219
15 0.21875 0.17375 0.03248214285714285 0.017482142857142835
