20 0.6012500000000001 0.85625 0.027483552631578978 0.029983552631578925
15 0.8574999999999999 0.43125 0.017491610738254892 0.03999161073825502
18 0.161875 0.068125 0.021206896551724114 0.02370689655172415
18 0.37375 0.2575 0.01999444444444448 0.0224944444444444
15 0.24125000000000002 0.43062500000000004 0.0424880952380953 0.03123809523809523
14 0.06375 0.9550000000000001 0.02999297752808989 0.0674929775280898
04 0.5475000000000001 0.10250000000000001 0.032495098039215686 0.024995098039215694
08 0.739375 0.685625 0.016206896551724137 0.0387068965517241
03 0.22875 0.733125 0.09247844827586207 0.0437284482758622
20 0.7268749999999999 0.43374999999999997 0.016136363636363726 0.017386363636363644
01 0.61 0.57625 0.05248579545454546 0.03248579545454544
03 0.85 0.42562500000000003 0.019969512195121997 0.023719512195121972
03 0.15187499999999998 0.29125 0.09123214285714286 0.03248214285714285
