03 0.33375 0.701875 0.042483552631578936 0.0362335526315789
06 0.334375 0.763125 0.018741610738255032 0.0637416107382549
07 0.1225 0.828125 0.12745689655172415 0.03370689655172421
09 0.661875 0.428125 0.07124444444444444 0.08624444444444451
03 0.6087499999999999 0.760625 0.08998809523809526 0.0712380952380951
05 0.42000000000000004 0.62 0.03249297752808983 0.05249297752808979
03 0.305625 0.79 0.15124509803921568 0.06249509803921571
18 0.085625 0.14437499999999998 0.03370689655172414 0.03870689655172413
05 0.599375 0.58125 0.06622844827586205 0.029978448275862046
01 0.7093750000000001 0.69625 0.0486363636363637 0.039886363636363775
08 0.8131214488636362 0.20875 0.031242897727272623 0.06748579545454547
11 0.888125 0.101875 0.053719512195122054 0.04371951219512195
11 0.8418749999999999 0.51625 0.0587321428571429 0.052482142857142866
