14 0.365 0.586875 0.009983552631578907 0.016233552631578885
09 0.605 0.20750000000000002 0.017491610738255003 0.01749161073825503
06 0.22312500000000002 0.750625 0.06870689655172416 0.03370689655172421
06 0.62125 0.68875 0.01749444444444448 0.01499444444444431
06 0.7518750000000001 0.015622023809523808 0.041238095238095185 0.0037440476190476173
03 0.7106250000000001 0.27625 0.023742977528089848 0.039992977528089835
20 0.6187499999999999 0.38375000000000004 0.012495098039215669 0.012495098039215724
18 0.5925 0.27 0.012456896551724106 0.014956896551724108
19 0.9625 0.37875000000000003 0.01997844827586226 0.02247844827586204
02 0.756875 0.1375 0.02113636363636373 0.009886363636363638
