13 0.5925 0.7887500000000001 0.039983552631578934 0.0724835526315789
14 0.6331249999999999 0.616875 0.05124161073825495 0.02624161073825504
20 0.810625 0.365 0.026206896551724146 0.01745689655172411
03 0.5725 0.291875 0.01749444444444448 0.05874444444444438
14 0.70875 0.685 0.017488095238095136 0.03248809523809515
14 0.419375 0.66125 0.036242977528089804 0.03499297752808994
03 0.7124999999999999 0.764375 0.042495098039215695 0.028745098039215655
08 0.2575 0.548125 0.04995689655172411 0.018706896551724084
04 0.273125 0.469375 0.03372844827586208 0.02372844827586207
03 0.538125 0.540625 0.03113636363636363 0.051136363636363535
