14 0.280625 0.91875 0.04873355263157897 0.03748355263157899
08 0.920625 0.375 0.028741610738254875 0.022491610738255008
05 0.948125 0.72875 0.04120689655172405 0.022456896551724115
06 0.15625 0.324375 0.10999444444444445 0.013744444444444448
18 0.479375 0.7893749999999999 0.023738095238095225 0.02623809523809506
05 0.44375 0.6793750000000001 0.03999297752808989 0.03124297752808991
03 0.475 0.930625 0.0449950980392157 0.05124509803921573
03 0.31375 0.86125 0.03245689655172418 0.02745689655172412
03 0.340625 0.730625 0.02372844827586207 0.04122844827586225
20 0.491875 0.11624999999999999 0.02113636363636362 0.01738636363636363
03 0.6056250000000001 0.9437500000000001 0.02873579545454541 0.07498579545454531
06 0.111875 0.635625 0.05121951219512194 0.016219512195122077
06 0.135625 0.67625 0.02623214285714287 0.02498214285714284
