06 0.813125 0.8043750000000001 0.03873355263157885 0.06873355263157899
03 0.740625 0.133125 0.02374161073825487 0.033741610738255046
03 0.518125 0.401875 0.016206896551724026 0.12620689655172412
14 0.155 0.8275 0.04499444444444445 0.05749444444444429
07 0.48250000000000004 0.55375 0.09498809523809532 0.027488095238095256
06 0.28812499999999996 0.253125 0.14624297752808985 0.05624297752808982
03 0.934375 0.635 0.06874509803921569 0.07749509803921573
08 0.3175 0.22999999999999998 0.06245689655172415 0.022456896551724143
18 0.34125 0.62375 0.03497844827586205 0.03747844827586211
20 0.21375 0.82625 0.04988636363636367 0.03238636363636371
