01 0.505 0.750625 0.037483552631578876 0.0362335526315789
03 0.465625 0.17625000000000002 0.03624161073825505 0.04249161073825505
15 0.5606249999999999 0.31437499999999996 0.02120689655172414 0.03370689655172415
06 0.063125 0.38875000000000004 0.018744444444444446 0.0974944444444445
06 0.15625 0.9725 0.02248809523809525 0.007488095238095127
14 0.79375 0.94625 0.01749297752808987 0.032492977528089884
06 0.23875 0.2375 0.06749509803921566 0.009995098039215694
04 0.786875 0.5606249999999999 0.028706896551724093 0.023706896551724088
18 0.415625 0.25687499999999996 0.018728448275862064 0.021228448275862066
06 0.49125 0.398125 0.019886363636363646 0.08613636363636357
03 0.29375 0.59125 0.027485795454545436 0.01498579545454548
20 0.7875000000000001 0.16000000000000003 0.01746951219512194 0.014969512195121965
