03 0.74 0.8275 0.012483552631578965 0.037483552631578876
11 0.296875 0.504375 0.02624161073825504 0.023741610738255092
03 0.236875 0.551875 0.023706896551724144 0.018706896551724084
15 0.8799999999999999 0.751875 0.007494444444444359 0.023744444444444346
05 0.13874999999999998 0.19187500000000002 0.02998809523809523 0.03373809523809526
06 0.5387500000000001 0.794375 0.0674929775280898 0.03124297752808991
03 0.076875 0.36125 0.07124509803921569 0.0474950980392157
11 0.239375 0.23249999999999998 0.026206896551724146 0.01995689655172414
12 0.5931249999999999 0.661875 0.03372844827586208 0.036228448275862135
15 0.719375 0.711875 0.02113636363636373 0.036136363636363744
05 0.18937500000000002 0.481875 0.021235795454545486 0.02123579545454546
