01 0.796875 0.856875 0.016233552631578885 0.016233552631578996
06 0.38687709731543624 0.918125 0.008745805369127502 0.05124161073825495
16 0.5325 0.488125 0.029956896551724177 0.053706896551724115
10 0.67625 0.6925 0.02499444444444432 0.02499444444444432
04 0.25375000000000003 0.755625 0.027488095238095284 0.031238095238095065
12 0.057499999999999996 0.420625 0.032492977528089884 0.04624297752808987
18 0.485625 0.816875 0.02124509803921565 0.023745098039215762
06 0.538125 0.51625 0.01370689655172408 0.08245689655172406
14 0.2425 0.788125 0.024978448275862042 0.03872844827586219
20 0.181875 0.9225 0.028636363636363654 0.022386363636363704
02 0.47750000000000004 0.79625 0.03498579545454544 0.037485795454545334
08 0.6812499999999999 0.134375 0.027469512195121948 0.021219512195121956
02 0.59625 0.5075000000000001 0.02498214285714273 0.0424821428571428
