03 0.9612499999999999 0.073125 0.047483552631578996 0.03373355263157895
15 0.7818770973154363 0.40125 0.04374580536912742 0.027491610738255012
14 0.525 0.5231250000000001 0.029956896551724066 0.018706896551724195
02 0.40312499999999996 0.5 0.05124444444444448 0.02999444444444449
18 0.7975000000000001 0.76875 0.02248809523809514 0.024988095238095087
03 0.410625 0.453125 0.028742977528089853 0.061242977528089826
05 0.019375000000000003 0.391875 0.02124509803921569 0.041245098039215666
03 0.676875 0.139375 0.03120689655172404 0.06370689655172412
03 0.7281249999999999 0.26125 0.01622844827586223 0.019978448275862093
03 0.296875 0.6656249999999999 0.04613636363636364 0.036136363636363744
07 0.74625 0.12375 0.04998579545454529 0.01748579545454547
06 0.6425000000000001 0.48812500000000003 0.024969512195122 0.021219512195122026
00 0.5425 0.131875 0.029982142857142846 0.02873214285714286
07 0.8975 0.4275 0.019987500000000047 0.03748750000000001
