20 0.5925 0.31999999999999995 0.022483552631578863 0.017483552631578914
03 0.806875 0.244375 0.0587416107382549 0.03374161073825502
15 0.72125 0.589375 0.022456896551724115 0.026206896551724146
08 0.895625 0.290625 0.051244444444444426 0.028744444444444406
03 0.661875 0.934375 0.041238095238095074 0.028738095238095118
03 0.433125 0.474375 0.02624297752808985 0.02624297752808985
11 0.2025 0.6012500000000001 0.034995098039215716 0.01999509803921573
07 0.08875 0.1 0.06995689655172413 0.02495689655172413
10 0.44625000000000004 0.83375 0.027478448275862044 0.024978448275862153
03 0.735 0.07750000000000001 0.05488636363636368 0.019886363636363633
09 0.7925 0.7475 0.019985795454545263 0.04248579545454534
18 0.25 0.968125 0.019969512195121997 0.023719512195121917
03 0.871875 0.6375 0.036232142857142824 0.029982142857142846
