03 0.121875 0.130625 0.02373355263157892 0.036233552631578944
04 0.224375 0.6875 0.02624161073825504 0.017491610738255003
03 0.494375 0.7481249999999999 0.028706896551724093 0.023706896551724088
03 0.8243750000000001 0.25875 0.03624444444444441 0.04499444444444442
14 0.36625297619047614 0.36312500000000003 0.019994047619047606 0.038738095238095294
14 0.27625 0.40249999999999997 0.01749297752808987 0.03999297752808989
10 0.771875 0.56375 0.0162450980392157 0.014995098039215726
03 0.631875 0.96 0.01370689655172408 0.022456896551724115
07 0.09687499999999999 0.8631249999999999 0.02872844827586206 0.018728448275862175
10 0.300625 0.17125 0.018636363636363673 0.017386363636363672
03 0.87375 0.698125 0.03248579545454533 0.033735795454545414
18 0.22999999999999998 0.0925 0.012469512195121962 0.014969512195121937
