03 0.565625 0.870625 0.016233552631578885 0.043733552631578965
07 0.619375 0.531875 0.04124161073825505 0.01624161073825503
15 0.8775 0.286875 0.01745689655172422 0.02120689655172414
09 0.1725 0.869375 0.024994444444444458 0.03874444444444436
03 0.924375 0.05625000000000001 0.0662380952380951 0.029988095238095237
20 0.26187499999999997 0.869375 0.021242977528089846 0.018742977528089844
01 0.756875 0.651875 0.013745098039215642 0.008745098039215637
14 0.18875 0.31499999999999995 0.044956896551724135 0.034956896551724126
01 0.6556250000000001 0.179375 0.04122844827586214 0.041228448275862056
03 0.26875 0.955 0.029886363636363655 0.05238636363636373
03 0.8975 0.041874999999999996 0.019985795454545374 0.026235795454545456
