12 0.06125 0.6581250000000001 0.052483552631578945 0.08373355263157889
19 0.239375 0.249375 0.03624161073825505 0.04374161073825503
06 0.9425 0.9181250000000001 0.024956896551724173 0.053706896551724115
14 0.59 0.42625 0.07749444444444453 0.0399944444444445
13 0.259375 0.25625 0.0837380952380953 0.07748809523809527
03 0.37 0.49687499999999996 0.029992977528089826 0.03624297752808986
14 0.376875 0.396875 0.04874509803921567 0.04624509803921567
18 0.7106250000000001 0.33875 0.02120689655172414 0.022456896551724115
03 0.569375 0.5287446120689655 0.02372844827586207 0.03748922413793099
07 0.43 0.6268750000000001 0.07488636363636358 0.10363636363636364
08 0.50625 0.2025 0.12748579545454541 0.06748579545454544
14 0.199375 0.675 0.07621951219512196 0.024969512195122
11 0.4325 0.18 0.04498214285714286 0.04248214285714286
