14 0.288125 0.29374999999999996 0.05873355263157898 0.03998355263157899
04 0.871875 0.729375 0.04874161073825489 0.03374161073825488
14 0.025625000000000005 0.114375 0.041206896551724145 0.038706896551724115
09 0.8225 0.135 0.03499444444444433 0.03999444444444446
03 0.37187499999999996 0.226875 0.02373809523809528 0.04123809523809527
07 0.506875 0.888125 0.05124297752808982 0.05124297752808993
02 0.8875 0.5706249999999999 0.052495098039215704 0.03374509803921566
07 0.2625 0.12062500000000001 0.027456896551724147 0.05370689655172413
20 0.33499999999999996 0.258125 0.02247844827586204 0.02372844827586207
05 0.2899715909090909 0.7475 0.04244318181818185 0.04238636363636383
