18 0.84625 0.37625 0.039983552631578934 0.042483552631578936
09 0.2225 0.4475 0.024991610738255066 0.07749161073825506
18 0.47062499999999996 0.22 0.0362068965517241 0.03995689655172413
04 0.198125 0.049375 0.05374444444444443 0.04874444444444445
14 0.3112529761904762 0.22375 0.07499404761904765 0.04248809523809527
06 0.4987517556179775 0.643125 0.03499648876404493 0.043742977528089866
07 0.343125 0.150625 0.09374509803921571 0.10624509803921568
06 0.47500000000000003 0.09937499999999999 0.13495689655172416 0.07870689655172414
11 0.943125 0.33625 0.06372844827586222 0.039978448275862055
14 0.193125 0.3775 0.023636363636363678 0.04988636363636356
