00 0.28812499999999996 0.09375 0.04623355263157897 0.03248355263157894
03 0.17375000000000002 0.05437500000000001 0.03999161073825505 0.04124161073825503
18 0.16125 0.16375 0.024956896551724117 0.02995689655172412
20 0.143125 0.291875 0.031244444444444464 0.0212444444444444
03 0.115625 0.6381249999999999 0.028738095238095243 0.03623809523809518
05 0.07125 0.81125 0.04499297752808989 0.022492977528089875
00 0.1625 0.71875 0.03749509803921569 0.034995098039215744
14 0.8887499999999999 0.371875 0.059956896551724204 0.04870689655172411
20 0.97875 0.56 0.014978448275862144 0.014978448275862033
08 0.270625 0.68125 0.033636363636363686 0.039886363636363775
18 0.704375 0.27625 0.026235795454545352 0.029985795454545494
03 0.85875 0.6924999999999999 0.05996951219512203 0.057469512195121975
03 0.68875 0.3675 0.03248214285714279 0.029982142857142846
