03 0.171875 0.059375 0.02623355263157895 0.06873355263157893
03 0.56375 0.108125 0.06749161073825505 0.033741610738255046
08 0.035625000000000004 0.16625 0.02870689655172414 0.05745689655172412
03 0.6681263888888889 0.87375 0.018747222222222137 0.03249444444444438
02 0.920625 0.7481249999999999 0.04373809523809513 0.04623809523809508
05 0.14812499999999998 0.29874999999999996 0.04624297752808987 0.027492977528089824
11 0.8243750000000001 0.06375 0.03374509803921566 0.03499509803921569
03 0.18562499999999998 0.251875 0.04120689655172413 0.03120689655172415
18 0.14625 0.235 0.022478448275862067 0.02497844827586207
08 0.730625 0.173125 0.02113636363636373 0.05613636363636365
07 0.6368785511363636 0.621875 0.04374289772727269 0.04623579545454537
03 0.12375762195121952 0.900625 0.02248475609756098 0.043719512195121935
03 0.621875 0.5856250000000001 0.0587321428571429 0.043732142857142775
03 0.845 0.12625 0.027487499999999998 0.047487500000000016
