02 0.41000000000000003 0.550625 0.03748355263157893 0.04873355263157886
01 0.515 0.58875 0.03249161073825513 0.024991610738255066
20 0.56875 0.04875 0.024956896551724173 0.017456896551724145
15 0.788125 0.42562500000000003 0.023744444444444346 0.05374444444444454
08 0.5587500000000001 0.18875 0.05748809523809528 0.047488095238095274
09 0.128125 0.33499999999999996 0.03624297752808989 0.03999297752808989
06 0.465625 0.11625 0.03624509803921572 0.1649950980392157
18 0.049375 0.730625 0.026206896551724146 0.028706896551724093
09 0.860625 0.23625000000000002 0.0437284482758622 0.04497844827586209
07 0.744375 0.45125 0.061136363636363766 0.022386363636363593
02 0.54625 0.885 0.054985795454545405 0.027485795454545325
08 0.410625 0.499375 0.028719512195121977 0.053719512195122
20 0.175 0.69375 0.019982142857142837 0.01748214285714278
03 0.265 0.850625 0.08998750000000003 0.07373750000000001
