03 0.983125 0.08124999999999999 0.016233552631578885 0.019983552631578957
09 0.0225 0.581875 0.03249161073825503 0.02624161073825504
14 0.353125 0.2375 0.028706896551724148 0.034956896551724154
18 0.139375 0.870625 0.01624444444444445 0.01874444444444434
03 0.50625 0.899375 0.017488095238095303 0.011238095238095158
18 0.5825 0.2 0.019992977528089817 0.022492977528089847
02 0.40375 0.94 0.024995098039215735 0.027495098039215793
06 0.3775 0.125 0.08745689655172417 0.009956896551724118
03 0.08812500000000001 0.195625 0.02872844827586206 0.051228448275862065
02 0.594375 0.063125 0.013636363636363669 0.03613636363636363
20 0.40312499999999996 0.81375 0.018735795454545456 0.01498579545454537
08 0.275 0.31625000000000003 0.009969512195121988 0.03996951219512196
18 0.6799999999999999 0.52875 0.019982142857142837 0.022482142857142784
04 0.43562500000000004 0.884375 0.023737500000000022 0.023737499999999967
