08 0.808125 0.6425000000000001 0.08373355263157889 0.05248355263157889
03 0.8474999999999999 0.47875 0.11249161073825487 0.07999161073825506
03 0.306875 0.7324999999999999 0.1237068965517241 0.09245689655172418
09 0.734375 0.836875 0.10624444444444436 0.11874444444444432
18 0.346875 0.03875 0.05373809523809525 0.05748809523809524
03 0.35125 0.9056249999999999 0.049992977528089844 0.08624297752808985
20 0.6275 0.318125 0.06499509803921566 0.04374509803921567
09 0.365 0.725625 0.0749568965517241 0.11370689655172417
03 0.41375 0.77625 0.07497844827586209 0.06247844827586224
08 0.8625 0.50125 0.06238636363636374 0.12988636363636358
