03 0.705625 0.354375 0.02873355263157895 0.0362335526315789
08 0.6968749999999999 0.915625 0.026241610738254928 0.0537416107382549
00 0.9275 0.86875 0.029956896551724066 0.024956896551724173
00 0.54 0.736875 0.03499444444444444 0.03624444444444441
05 0.463125 0.26749999999999996 0.03873809523809524 0.01998809523809525
12 0.879375 0.128125 0.04124297752808981 0.04124297752808989
07 0.376875 0.164375 0.021245098039215704 0.0787450980392157
19 0.0925 0.765625 0.019956896551724126 0.03370689655172421
12 0.79625 0.715 0.032478448275862215 0.03497844827586216
03 0.855 0.25187499999999996 0.019886363636363757 0.04363636363636364
20 0.9768749999999999 0.9862500000000001 0.02873579545454541 0.02248579545454532
