03 0.31937499999999996 0.10750000000000001 0.023733552631578947 0.037483552631578945
03 0.2625 0.263125 0.01999161073825506 0.02624161073825504
04 0.7112499999999999 0.11875 0.029956896551724177 0.022456896551724115
15 0.35562499999999997 0.918125 0.02624444444444446 0.0212444444444444
08 0.20625 0.16125 0.03998809523809527 0.03998809523809527
05 0.343125 0.15249999999999997 0.018742977528089844 0.03999297752808986
12 0.64625 0.549375 0.03749509803921569 0.04124509803921572
03 0.08625 0.02125 0.01995689655172414 0.02745689655172414
03 0.18875 0.8712500000000001 0.027478448275862044 0.01997844827586215
06 0.34875 0.71 0.027386363636363598 0.019886363636363757
09 0.071875 0.9675 0.033735795454545456 0.037485795454545334
06 0.4687576219512195 0.7925 0.03498475609756102 0.08496951219512194
06 0.5018750000000001 0.848125 0.006232142857142908 0.1162321428571429
05 0.821875 0.7093750000000001 0.018737500000000074 0.03873749999999998
