14 0.6575 0.341875 0.04498355263157894 0.05623355263157892
03 0.6925 0.930625 0.08249161073825495 0.046241610738254946
15 0.91625 0.52125 0.04495689655172419 0.06495689655172415
03 0.478125 0.364375 0.05624444444444454 0.08124444444444445
06 0.304375 0.0275 0.031238095238095287 0.03748809523809524
03 0.5825 0.325625 0.07499297752808987 0.03374297752808986
10 0.7987500000000001 0.6699999999999999 0.03499509803921563 0.024995098039215624
02 0.640625 0.28500000000000003 0.11370689655172406 0.10745689655172413
03 0.398125 0.1075 0.05622844827586204 0.06497844827586205
06 0.25375 0.37124999999999997 0.012386363636363668 0.09988636363636355
03 0.8175 0.776875 0.03998579545454528 0.10123579545454531
03 0.9143749999999999 0.45499999999999996 0.04871951219512194 0.027469512195122003
