12 0.318125 0.72 0.04873355263157897 0.047483552631578885
00 0.353125 0.436875 0.04124161073825505 0.04124161073825505
03 0.11937500000000001 0.79 0.04620689655172412 0.039956896551724186
03 0.6543749999999999 0.415625 0.061244444444444435 0.056244444444444486
14 0.1975 0.40625 0.047488095238095274 0.044988095238095216
08 0.17562499999999998 0.10875000000000001 0.05624297752808985 0.0349929775280899
18 0.32875 0.92625 0.032495098039215686 0.034995098039215744
02 0.674375 0.37687499999999996 0.06370689655172412 0.03370689655172415
07 0.505625 0.67 0.018728448275862064 0.05247844827586223
15 0.289375 0.870625 0.043636363636363695 0.07363636363636372
08 0.915625 0.240625 0.08123579545454529 0.05373579545454549
03 0.6325 0.47875 0.11496951219512197 0.03496951219512201
18 0.82875 0.61375 0.032482142857142904 0.03498214285714285
