14 0.6174999999999999 0.17625 0.019983552631578916 0.027483552631578978
04 0.474375 0.16875 0.033741610738255046 0.03999161073825505
08 0.6025 0.7375 0.04245689655172413 0.10745689655172408
03 0.343125 0.051875000000000004 0.026244444444444515 0.033744444444444445
12 0.6487499999999999 0.37312500000000004 0.03998809523809521 0.0437380952380953
14 0.875 0.72375 0.019992977528089817 0.024992977528089932
06 0.535625 0.9568749999999999 0.046245098039215726 0.04124509803921572
03 0.53125 0.44375 0.019956896551724057 0.034956896551724126
06 0.775625 0.31499999999999995 0.046228448275862144 0.10997844827586206
03 0.078125 0.48625 0.03113636363636363 0.06488636363636358
