01 0.051875000000000004 0.655 0.033733552631578956 0.027483552631578867
09 0.9724999999999999 0.24624999999999997 0.04749161073825492 0.08249161073825503
03 0.7206250000000001 0.895 0.04120689655172416 0.039956896551724075
03 0.620625 0.948125 0.033744444444444466 0.06874444444444427
10 0.34125 0.18625 0.03498809523809532 0.024988095238095254
08 0.77 0.271875 0.05249297752808979 0.02624297752808985
03 0.21000000000000002 0.6275 0.05499509803921568 0.08999509803921579
13 0.5843750000000001 0.5181142241379311 0.13620689655172413 0.04872844827586209
03 0.246875 0.09 0.031228448275862047 0.09747844827586205
09 0.7075 0.3325 0.04488636363636367 0.03988636363636361
07 0.25625 0.225 0.03498579545454547 0.047485795454545454
12 0.446875 0.05374999999999999 0.07371951219512202 0.06746951219512194
11 0.72 0.430625 0.039982142857142855 0.04623214285714283
08 0.165625 0.8 0.07623750000000001 0.06498750000000009
