01 0.02375 0.076875 0.019983552631578944 0.013733552631578952
13 0.630625 0.6993750000000001 0.06874161073825502 0.0587416107382549
18 0.17625000000000002 0.56 0.022456896551724143 0.02495689655172406
04 0.443125 0.663125 0.033744444444444466 0.031244444444444297
20 0.724375 0.348125 0.028738095238095118 0.026238095238095283
20 0.90125 0.43125 0.03249297752808977 0.024992977528089877
06 0.8018762254901961 0.8106249999999999 0.046247549019607814 0.09124509803921577
13 0.655 0.828125 0.09745689655172418 0.028706896551724093
07 0.696875 0.8768750000000001 0.06622844827586216 0.046228448275862255
03 0.28437500000000004 0.5275000000000001 0.031136363636363684 0.03488636363636355
20 0.923125 0.72 0.023735795454545294 0.02498579545454538
03 0.71625 0.49624999999999997 0.022469512195122054 0.027469512195122003
04 0.483125 0.7737499999999999 0.03373214285714282 0.03248214285714279
