15 0.6043791118421054 0.25875000000000004 0.0262417763157895 0.009983552631578962
00 0.39437500000000003 0.08499999999999999 0.051241610738255006 0.03999161073825504
13 0.8106249999999999 0.12125 0.05620689655172406 0.07745689655172411
06 0.80875 0.5974999999999999 0.03499444444444433 0.13999444444444442
03 0.9293750000000001 0.1325 0.0662380952380951 0.03498809523809522
03 0.79125 0.80875 0.022492977528089764 0.0474929775280899
13 0.1875 0.264375 0.05999509803921571 0.12124509803921571
03 0.7587607758620689 0.30375 0.02747844827586199 0.022456896551724115
10 0.23625 0.136875 0.03247844827586205 0.03122844827586206
02 0.49250000000000005 0.62625 0.08238636363636359 0.039886363636363664
08 0.14687499999999998 0.44875 0.011235795454545477 0.04248579545454545
03 0.5124923780487805 0.6893750000000001 0.03498475609756102 0.026219512195121975
09 0.499375 0.55875 0.028732142857142817 0.0374821428571428
18 0.793125 0.298125 0.033737499999999976 0.03623749999999998
