13 0.33999999999999997 0.15812500000000002 0.20498355263157894 0.06123355263157895
13 0.445 0.07499790268456377 0.06249161073825504 0.05749580536912753
09 0.6200000000000001 0.64625 0.032456896551724124 0.022456896551724115
09 0.62125 0.14250000000000002 0.0374944444444445 0.03499444444444447
10 0.381875 0.14875 0.021238095238095278 0.01998809523809522
08 0.879375 0.028749999999999998 0.03374297752808986 0.04499297752808989
07 0.29312499999999997 0.849375 0.05374509803921573 0.021245098039215704
18 0.41625 0.8625 0.024956896551724117 0.02745689655172412
13 0.3193696120689655 0.615 0.03123922413793101 0.09247844827586216
14 0.066875 0.5025 0.03363636363636364 0.04738636363636356
03 0.068125 0.8175 0.061235795454545466 0.029985795454545272
06 0.30437499999999995 0.5725 0.08121951219512197 0.06246951219512198
14 0.72375 0.678125 0.02498214285714284 0.05873214285714279
