08 0.076875 0.8725 0.03373355263157894 0.019983552631578916
03 0.571875 0.33625 0.02624161073825504 0.034991610738255075
03 0.963125 0.17875 0.053706896551724115 0.02745689655172412
20 0.52 0.674375 0.0374944444444445 0.026244444444444404
02 0.48625 0.76125 0.04498809523809533 0.024988095238095198
20 0.8 0.749375 0.03499297752808983 0.036242977528089915
03 0.8631249999999999 0.219375 0.031245098039215713 0.05874509803921571
15 0.749385775862069 0.49124999999999996 0.03372844827586208 0.024956896551724117
12 0.8831249999999999 0.029375 0.036228448275862246 0.03872844827586207
18 0.36 0.41625 0.01738636363636359 0.01988636363636359
