13 0.774375 0.785625 0.08623355263157884 0.023733552631578947
10 0.72125 0.73125 0.034991610738254963 0.022491610738254897
14 0.8200000000000001 0.771875 0.03495689655172407 0.036206896551724155
09 0.504375 0.14687499999999998 0.023744444444444568 0.03374444444444444
11 0.36750000000000005 0.6112500000000001 0.03998809523809527 0.019988095238095194
03 0.445 0.690625 0.03749297752808989 0.023742977528089848
03 0.333125 0.12125 0.028745098039215655 0.029995098039215684
14 0.6475 0.5331250000000001 0.02745689655172412 0.05120689655172417
03 0.2975 0.45687500000000003 0.04747844827586206 0.04622844827586209
14 0.28312499999999996 0.87 0.04363636363636364 0.04488636363636367
08 0.5249999999999999 0.40625 0.047485795454545454 0.05248579545454546
06 0.489375 0.195625 0.013719512195122019 0.028719512195121977
03 0.349375 0.885625 0.02373214285714287 0.02873214285714276
20 0.9025000000000001 0.056874999999999995 0.027487499999999998 0.028737499999999992
