20 0.29312499999999997 0.76875 0.03373355263157901 0.03248355263157887
11 0.47187500000000004 0.92625 0.02874161073825504 0.024991610738254844
20 0.355 0.5975 0.014956896551724108 0.014956896551724164
03 0.22125 0.849375 0.042494444444444446 0.01874444444444434
06 0.77 0.233125 0.02248809523809514 0.018738095238095276
03 0.409375 0.28875 0.043742977528089866 0.032492977528089884
03 0.3487512254901961 0.370625 0.027497549019607825 0.03624509803921566
06 0.8375 0.7268749999999999 0.029956896551724066 0.03120689655172415
08 0.33062499999999995 0.5843750000000001 0.016228448275862062 0.043728448275862086
00 0.494375 0.7268749999999999 0.02863636363636357 0.026136363636363735
