02 0.15750000000000003 0.10625000000000001 0.029983552631578952 0.024983552631578934
03 0.068125 0.8206249999999999 0.04874161073825504 0.02374161073825498
03 0.67 0.519375 0.02745689655172412 0.026206896551724146
01 0.205625 0.09 0.018744444444444425 0.017494444444444465
03 0.9775029761904762 0.3675 0.0274940476190475 0.047488095238095274
08 0.89125 0.556875 0.029992977528089826 0.026242977528089906
09 0.255 0.901875 0.032495098039215686 0.02624509803921571
14 0.20625 0.941875 0.02995689655172415 0.053706896551724115
00 0.5 0.8474999999999999 0.034978448275862106 0.029978448275862157
14 0.0225 0.87875 0.014886363636363635 0.06238636363636374
20 0.7793749999999999 0.5931249999999999 0.0187357954545454 0.016235795454545454
