03 0.54375 0.735625 0.03498355263157882 0.05873355263157887
03 0.62375 0.681875 0.052491610738255035 0.038741610738254995
11 0.91875 0.441875 0.04245689655172413 0.0362068965517241
03 0.849375 0.27749999999999997 0.04624444444444431 0.04749444444444445
03 0.79125 0.5331250000000001 0.08998809523809514 0.033738095238095345
01 0.07250000000000001 0.47062499999999996 0.059992977528089894 0.05124297752808987
03 0.11249999999999999 0.6499999999999999 0.11249509803921569 0.11749509803921565
03 0.22312500000000002 0.278125 0.023706896551724116 0.07370689655172413
03 0.1925 0.52375 0.05997844827586207 0.04997844827586212
03 0.43437499999999996 0.849375 0.04113636363636358 0.036136363636363744
