08 0.43062500000000004 0.891875 0.018733552631578887 0.031233552631578898
07 0.024375 0.3593729026845638 0.031241610738255033 0.026245805369127517
03 0.684375 0.435625 0.008706896551724186 0.026206896551724146
02 0.094375 0.784375 0.021244444444444455 0.026244444444444404
03 0.6993750000000001 0.69 0.023738095238095114 0.04998809523809522
08 0.709375 0.10625000000000001 0.008742977528089835 0.019992977528089886
06 0.109375 0.416875 0.05874509803921568 0.02374509803921565
20 0.555625 0.314375 0.023706896551724088 0.026206896551724146
11 0.209375 0.803125 0.021228448275862066 0.021228448275862233
20 0.13187500000000002 0.89 0.021136363636363648 0.022386363636363704
