06 0.310625 0.9781249999999999 0.06623355263157893 0.031233552631578898
11 0.68125 0.11875 0.02999161073825496 0.02249161073825505
06 0.221875 0.17125 0.011206896551724133 0.06995689655172413
16 0.76125 0.40437500000000004 0.029994444444444324 0.03374444444444452
05 0.86875 0.093125 0.027488095238095145 0.026238095238095227
03 0.1725 0.014375 0.034992977528089886 0.01624297752808989
18 0.040625 0.795625 0.018745098039215688 0.021245098039215704
11 0.13375 0.241875 0.027456896551724133 0.026206896551724146
03 0.8 0.799375 0.03497844827586227 0.018728448275862175
01 0.45687500000000003 0.9612499999999999 0.02613636363636357 0.0173863636363637
16 0.43374999999999997 0.6231249999999999 0.0374857954545455 0.023735795454545516
08 0.643125 0.7424999999999999 0.011219512195122072 0.047469512195121966
14 0.556875 0.36124999999999996 0.03373214285714288 0.06998214285714283
