03 0.42125 0.955625 0.022483552631578918 0.016233552631578996
03 0.94 0.8424979026845637 0.03999161073825486 0.054995805369127515
13 0.858739224137931 0.86375 0.039978448275862055 0.0549568965517242
14 0.106875 0.265 0.023744444444444457 0.03499444444444444
18 0.483125 0.18937500000000002 0.016238095238095218 0.018738095238095248
06 0.675 0.20875 0.049992977528089844 0.012492977528089838
18 0.299375 0.509375 0.018745098039215646 0.02124509803921565
12 0.3825 0.9175 0.03745689655172413 0.04245689655172413
13 0.22375 0.255 0.06497844827586208 0.07247844827586206
15 0.701875 0.224375 0.02113636363636373 0.021136363636363675
05 0.7325035511363637 0.04375 0.024992897727272645 0.03498579545454546
08 0.7737499999999999 0.840625 0.0399695121951219 0.026219512195121975
03 0.606875 0.69 0.05123214285714284 0.022482142857142784
