04 0.836875 0.85375 0.04123355263157891 0.03248355263157898
02 0.32999999999999996 0.101875 0.06999161073825505 0.04624161073825504
04 0.5606249999999999 0.565625 0.04120689655172416 0.036206896551724044
14 0.671875 0.79375 0.04124444444444442 0.04499444444444434
13 0.6968749999999999 0.739375 0.1237380952380952 0.041238095238095074
03 0.1375 0.729375 0.05749297752808988 0.02124297752808979
20 0.31125 0.713125 0.03499509803921569 0.031245098039215602
01 0.433125 0.558125 0.03870689655172416 0.0387068965517241
14 0.7618750000000001 0.07625 0.03872844827586219 0.04497844827586206
14 0.549375 0.865 0.051136363636363646 0.039886363636363775
07 0.535 0.6368749999999999 0.07748579545454543 0.07123579545454539
02 0.308125 0.796875 0.038719512195121986 0.08621951219512192
03 0.235 0.63625 0.01998214285714281 0.0949821428571429
14 0.236875 0.20375 0.04373750000000001 0.0574875
