09 0.689375 0.24375000000000002 0.0362335526315789 0.03248355263157901
12 0.081875 0.25687499999999996 0.02874161073825504 0.033741610738255046
10 0.391875 0.3675 0.021206896551724086 0.022456896551724115
20 0.52625 0.665 0.02499444444444454 0.022494444444444373
13 0.590625 0.650625 0.01123809523809527 0.023738095238095114
10 0.2425 0.7168749999999999 0.022492977528089847 0.0212429775280899
20 0.581875 0.664375 0.018745098039215646 0.0162450980392157
01 0.215 0.16625 0.024956896551724117 0.022456896551724143
06 0.256875 0.420625 0.041228448275862056 0.07872844827586206
06 0.911875 0.473125 0.02113636363636373 0.008636363636363609
03 0.24312499999999998 0.44 0.011235795454545477 0.03248579545454544
10 0.6425000000000001 0.14125 0.01746951219512194 0.01996951219512197
14 0.33999999999999997 0.193125 0.034982142857142795 0.02373214285714284
20 0.59625 0.366875 0.014987500000000042 0.016237500000000016
