03 0.7849999999999999 0.210625 0.019983552631578916 0.013733552631578966
01 0.395 0.360625 0.012491610738255055 0.011241610738255081
14 0.64 0.6225 0.014956896551724164 0.012456896551724106
00 0.15749999999999997 0.979375 0.012494444444444447 0.01124444444444439
13 0.5218750000000001 0.5025 0.02873809523809523 0.037488095238095265
08 0.6075 0.32 0.01749297752808987 0.039992977528089835
03 0.22250122549019608 0.625 0.014997549019607842 0.01249509803921578
04 0.816875 0.013125000000000001 0.016206896551724137 0.013706896551724138
20 0.21125 0.62 0.012478448275862059 0.012478448275861975
05 0.73125 0.9606250000000001 0.019886363636363757 0.018636363636363673
09 0.255625 0.205625 0.01123579545454545 0.02373579545454546
