09 0.701875 0.079375 0.013733552631578938 0.023733552631578947
14 0.8175 0.13124999999999998 0.022491610738254897 0.02749161073825504
03 0.21875 0.435625 0.009956896551724104 0.02120689655172414
18 0.84375 0.1925 0.012494444444444364 0.014994444444444421
03 0.986875 0.42562500000000003 0.021238095238095167 0.02373809523809528
09 0.265625 0.445625 0.018742977528089844 0.018742977528089844
06 0.430625 0.986875 0.011245098039215695 0.01624509803921559
10 0.77125 0.599375 0.014956896551724164 0.011206896551724133
06 0.04063038793103448 0.521875 0.013739224137931036 0.07122844827586206
19 0.79125 0.24 0.019886363636363757 0.02738636363636368
