00 0.8175 0.669375 0.029983552631578814 0.02873355263157895
08 0.0675 0.3325 0.04999161073825503 0.01749161073825506
03 0.210625 0.33499999999999996 0.04870689655172414 0.0674568965517241
00 0.805625 0.30875 0.031244444444444297 0.03249444444444449
03 0.776875 0.6825 0.03373809523809512 0.027488095238095145
12 0.719375 0.443125 0.05624297752808993 0.041242977528089864
03 0.836875 0.024374999999999997 0.018745098039215757 0.04374509803921568
08 0.690625 0.965625 0.023706896551724088 0.04120689655172416
03 0.6225 0.823125 0.10247844827586217 0.028728448275862295
03 0.1925 0.42125 0.07988636363636364 0.027386363636363598
03 0.620625 0.965 0.07123579545454539 0.037485795454545334
15 0.816875 0.76 0.03871951219512204 0.022469512195121943
06 0.8281294642857143 0.29125 0.06124107142857138 0.0424821428571428
