14 0.718125 0.12125 0.02873355263157884 0.039983552631578934
04 0.081875 0.136875 0.02624161073825504 0.01624161073825503
14 0.7625 0.090625 0.02495689655172406 0.03620689655172413
08 0.51625 0.028124999999999997 0.02499444444444454 0.04374444444444444
03 0.806875 0.8143750000000001 0.05373809523809514 0.02623809523809506
14 0.445625 0.36875 0.03874297752808986 0.02249297752808982
08 0.77875 0.29125 0.014995098039215615 0.05749509803921571
00 0.535625 0.5675 0.02120689655172414 0.014956896551724164
19 0.179375 0.40125 0.021228448275862066 0.019978448275862037
04 0.08374999999999999 0.68125 0.02988636363636364 0.019886363636363757
04 0.870625 0.6812499999999999 0.026235795454545352 0.03248579545454533
