06 0.40375 0.713125 0.08998355263157887 0.04623355263157891
03 0.206875 0.109375 0.04624161073825506 0.01874161073825506
10 0.87375 0.605625 0.02745689655172412 0.026206896551724146
05 0.8275 0.87875 0.03499444444444433 0.022494444444444373
07 0.525625 0.505 0.04873809523809536 0.05748809523809523
03 0.33625 0.925 0.03499297752808983 0.06999297752808986
20 0.921875 0.799375 0.023745098039215762 0.018745098039215757
18 0.96375 0.94625 0.01745689655172411 0.019956896551724168
14 0.11125 0.35125 0.032478448275862076 0.019978448275862037
20 0.039375 0.223125 0.01613636363636363 0.013636363636363669
08 0.360625 0.289375 0.038735795454545474 0.026235795454545463
