20 0.36375 0.806875 0.02498355263157892 0.023733552631578947
07 0.788125 0.885 0.013741610738254972 0.03499161073825485
19 0.609375 0.1675 0.018706896551724084 0.02995689655172412
07 0.9693736111111111 0.736875 0.04124722222222221 0.051244444444444315
03 0.5225 0.5625 0.047488095238095274 0.029988095238095314
05 0.316875 0.174375 0.01374297752808984 0.028742977528089853
06 0.45125000000000004 0.81125 0.05999509803921571 0.06749509803921572
08 0.629375 0.204375 0.0237068965517242 0.026206896551724146
12 0.949375 0.9425 0.03372844827586219 0.03747844827586211
05 0.401875 0.673125 0.013636363636363613 0.033636363636363686
