09 0.154375 0.905 0.03873355263157896 0.05248355263157889
03 0.14 0.30625 0.04999161073825506 0.03249161073825507
07 0.24 0.47375 0.04745689655172414 0.02995689655172412
06 0.6712499999999999 0.245 0.027494444444444377 0.08749444444444443
01 0.38187499999999996 0.184375 0.03123809523809523 0.018738095238095248
02 0.140625 0.829375 0.07374297752808986 0.06874297752808989
03 0.745625 0.85375 0.06374509803921569 0.034995098039215744
04 0.95375 0.615 0.039956896551724075 0.039956896551724075
01 0.573125 0.6525000000000001 0.033728448275861966 0.02747844827586221
14 0.390625 0.640625 0.02863636363636357 0.053636363636363704
06 0.6743785511363636 0.89875 0.07624289772727277 0.07998579545454532
