03 0.534375 0.21875 0.07623355263157883 0.034983552631578985
03 0.7925 0.391875 0.04749161073825492 0.108741610738255
02 0.29875 0.49187500000000006 0.05245689655172414 0.048706896551724166
08 0.42374999999999996 0.79125 0.034994444444444495 0.037494444444444275
20 0.9175 0.8125 0.024988095238095198 0.024988095238095198
06 0.421875 0.44437499999999996 0.07624297752808984 0.08874297752808985
03 0.25687499999999996 0.87 0.051245098039215675 0.08999509803921568
03 0.0475 0.31125 0.039956896551724144 0.02995689655172412
02 0.68875 0.705 0.05497844827586218 0.05497844827586218
12 0.19437500000000002 0.248125 0.07363636363636364 0.1036363636363637
03 0.62625 0.97875 0.04248579545454545 0.02498579545454538
