03 0.10250000000000001 0.133125 0.04248355263157895 0.023733552631578933
01 0.7112499999999999 0.235625 0.017491610738254892 0.013741610738255028
12 0.311875 0.85625 0.0387068965517241 0.03745689655172413
03 0.338125 0.9550000000000001 0.04124444444444447 0.037494444444444386
15 0.64375 0.344375 0.019988095238095194 0.04873809523809525
00 0.736875 0.470625 0.026242977528089795 0.023742977528089848
07 0.465625 0.940625 0.03624509803921572 0.031245098039215713
04 0.58875 0.595 0.024956896551724173 0.029956896551724177
07 0.9143803879310344 0.9325 0.03373922413793118 0.01997844827586226
07 0.526875 0.429375 0.033636363636363575 0.018636363636363562
14 0.94875 0.5675 0.03248579545454533 0.044985795454545396
04 0.03812499999999999 0.485625 0.033719512195121946 0.02621951219512203
20 0.209375 0.875625 0.028732142857142817 0.026232142857142815
