03 0.745625 0.815625 0.026233552631578894 0.018733552631578942
13 0.77875 0.265 0.05499161073825498 0.07999161073825503
20 0.698125 0.77625 0.0237068965517242 0.024956896551724173
06 0.681875 0.37375 0.043744444444444364 0.08499444444444454
09 0.5331250000000001 0.5331250000000001 0.033738095238095345 0.0462380952380953
12 0.436875 0.73125 0.03374297752808986 0.03749297752808978
18 0.4425 0.52375 0.024995098039215735 0.027495098039215682
04 0.5506249999999999 0.204375 0.04120689655172416 0.03370689655172415
04 0.45687500000000003 0.940625 0.03622844827586208 0.02372844827586229
01 0.95375 0.68875 0.01738636363636381 0.012386363636363695
01 0.391875 0.698125 0.031235795454545467 0.031235795454545245
01 0.93125 0.243125 0.029969512195122006 0.023719512195121972
