04 0.22 0.8075 0.02998355263157898 0.03248355263157898
06 0.564375 0.618125 0.01624161073825503 0.08374161073825503
20 0.6031249999999999 0.5331250000000001 0.02120689655172414 0.02120689655172414
07 0.052500000000000005 0.14375 0.03999444444444445 0.04999444444444445
15 0.344375 0.460625 0.02373809523809528 0.041238095238095296
20 0.37312500000000004 0.5487500000000001 0.02624297752808985 0.019992977528089928
07 0.7225012254901961 0.931875 0.06999754901960775 0.028745098039215655
08 0.453125 0.855 0.023706896551724088 0.03495689655172418
01 0.59875 0.7 0.014978448275862144 0.014978448275862255
07 0.530625 0.18875000000000003 0.023636363636363678 0.07238636363636367
18 0.49375 0.67875 0.014985795454545425 0.017485795454545316
14 0.290625 0.669375 0.04121951219512199 0.023719512195122028
