19 0.7175 0.42625 0.04498355263157894 0.027483552631578922
06 0.72375 0.019375000000000003 0.014991610738254835 0.031241610738255036
03 0.15625 0.683125 0.07495689655172412 0.03120689655172415
03 0.8418749999999999 0.05875 0.026244444444444404 0.03499444444444444
09 0.126875 0.643125 0.03373809523809522 0.023738095238095225
04 0.42874999999999996 0.42625 0.03249297752808983 0.027492977528089824
10 0.66 0.32875 0.024995098039215735 0.029995098039215684
03 0.836864224137931 0.411875 0.03122844827586202 0.02120689655172414
03 0.0475 0.6231249999999999 0.02497844827586207 0.026228448275862015
06 0.54125 0.22375 0.057386363636363624 0.062386363636363656
14 0.7625 0.28500000000000003 0.03248579545454533 0.027485795454545492
03 0.47750000000000004 0.545625 0.02996951219512195 0.026219512195121975
20 0.26937500000000003 0.143125 0.031232142857142875 0.021232142857142866
18 0.40437500000000004 0.6875 0.018737500000000018 0.022487499999999994
