02 0.69375 0.910625 0.017483552631578858 0.04123355263157891
00 0.83875 0.9525 0.042491610738254915 0.042491610738254915
00 0.8343750000000001 0.388125 0.03120689655172415 0.02120689655172414
08 0.628125 0.7649999999999999 0.018744444444444563 0.04999444444444434
00 0.075625 0.865625 0.03873809523809523 0.03873809523809513
14 0.064375 0.343125 0.033742977528089885 0.03874297752808986
03 0.39749999999999996 0.80375 0.0449950980392157 0.05499509803921565
07 0.16186422413793103 0.365625 0.03622844827586208 0.07120689655172413
03 0.2274946120689655 0.638125 0.06498922413793101 0.046228448275862144
20 0.818125 0.7625 0.018636363636363784 0.0173863636363637
15 0.34062499999999996 0.34562499999999996 0.03373579545454547 0.03373579545454547
