03 0.303125 0.6275 0.031233552631578954 0.022483552631578863
01 0.228125 0.620625 0.023741610738255037 0.018741610738254977
06 0.2375 0.8400000000000001 0.02745689655172412 0.0749568965517241
20 0.165625 0.023125 0.021244444444444455 0.02124444444444444
05 0.024999999999999998 0.679375 0.03998809523809523 0.028738095238095118
15 0.37375 0.341875 0.014992977528089868 0.028742977528089853
20 0.83125 0.454375 0.014995098039215615 0.013745098039215697
03 0.893125 0.770625 0.023706896551724088 0.04120689655172405
04 0.16749999999999998 0.268125 0.027478448275862072 0.026228448275862015
11 0.594375 0.694375 0.026136363636363624 0.02363636363636379
11 0.029375 0.24125000000000002 0.02873579545454545 0.02248579545454546
03 0.8400000000000001 0.263125 0.014969512195121992 0.016219512195121966
