08 0.69 0.668125 0.039983552631578934 0.04873355263157886
10 0.5431250000000001 0.12875 0.03374161073825499 0.03249161073825503
08 0.580625 0.6793750000000001 0.05120689655172417 0.02120689655172414
06 0.35750000000000004 0.12 0.034994444444444495 0.09999444444444444
20 0.653125 0.35562499999999997 0.028738095238095118 0.028738095238095285
14 0.6681250000000001 0.715625 0.026242977528089795 0.026242977528089795
08 0.294375 0.196875 0.05124509803921573 0.051245098039215675
15 0.16625 0.9424999999999999 0.017456896551724138 0.032456896551724124
03 0.615 0.6275 0.019978448275862037 0.032478448275862104
08 0.546875 0.455625 0.018636363636363562 0.0586363636363636
18 0.411875 0.029375 0.02373579545454546 0.02623579545454545
01 0.31375 0.375 0.022469512195122 0.014969512195121992
13 0.6131205357142857 0.743125 0.048741071428571425 0.0587321428571429
