06 0.810625 0.625 0.0887335526315789 0.052483552631579
03 0.456875 0.94 0.04124161073825505 0.032491610738254906
14 0.0975 0.138125 0.017456896551724124 0.01870689655172414
11 0.041875 0.971875 0.026244444444444445 0.026244444444444404
15 0.49624999999999997 0.954375 0.01998809523809525 0.016238095238095163
04 0.603125 0.7675000000000001 0.028742977528089853 0.014992977528089813
03 0.27749999999999997 0.106875 0.03499509803921569 0.03624509803921569
13 0.115 0.690625 0.08495689655172414 0.04620689655172405
19 0.975625 0.903125 0.018728448275862175 0.018728448275862175
03 0.485625 0.265 0.018636363636363618 0.03488636363636369
06 0.24375 0.22375 0.03998579545454545 0.019985795454545485
10 0.96375 0.468125 0.019969512195121997 0.023719512195121972
