20 0.47875 0.15250000000000002 0.014983552631578911 0.009983552631578935
18 0.33625000000000005 0.9650000000000001 0.012491610738255055 0.014991610738254946
03 0.22375 0.618125 0.014956896551724136 0.02120689655172414
08 0.1125 0.731875 0.029994444444444462 0.01874444444444434
03 0.408125 0.8725 0.016238095238095274 0.014988095238095078
03 0.599375 0.07062324438202247 0.011242977528089781 0.008746488764044935
13 0.33687500000000004 0.375 0.041245098039215666 0.052495098039215704
15 0.83875 0.3375 0.012456896551724217 0.02245689655172417
03 0.84875 0.0725 0.012478448275862197 0.029978448275862067
14 0.875 0.31437499999999996 0.022386363636363704 0.01613636363636367
