14 0.2525 0.595 0.044983552631578966 0.08498355263157886
01 0.956875 0.2425 0.02374161073825487 0.022491610738255008
09 0.286875 0.03125 0.06120689655172412 0.03745689655172414
06 0.909375 0.19 0.10124444444444436 0.039994444444444444
01 0.87375 0.27749999999999997 0.014988095238095078 0.012488095238095298
14 0.638125 0.879375 0.04624297752808981 0.028742977528089853
09 0.7 0.67125 0.04499509803921564 0.024995098039215735
12 0.76125 0.830625 0.04245689655172413 0.053706896551724115
18 0.526875 0.496875 0.02122844827586201 0.02372844827586207
03 0.41874999999999996 0.938125 0.024886363636363595 0.023636363636363678
03 0.033749999999999995 0.411875 0.019985795454545454 0.031235795454545467
14 0.86375 0.203125 0.039969512195122014 0.018719512195121968
06 0.08000446428571428 0.48625 0.07999107142857143 0.039982142857142855
