03 0.686875 0.71125 0.0362335526315789 0.057483552631578894
03 0.5250020973154362 0.289375 0.03249580536912755 0.018741610738255088
09 0.230625 0.4675 0.016206896551724137 0.03745689655172413
14 0.174375 0.835 0.03624444444444444 0.02499444444444432
03 0.2925 0.70625 0.03498809523809526 0.029988095238095203
12 0.909375 0.8425 0.05124297752808993 0.049992977528089844
04 0.365625 0.845 0.031245098039215657 0.027495098039215682
04 0.586875 0.88 0.026206896551724146 0.019956896551724057
18 0.24812499999999998 0.973125 0.028728448275862045 0.03122844827586224
03 0.829375 0.48375 0.04113636363636375 0.037386363636363606
14 0.5925 0.2475 0.019985795454545485 0.037485795454545445
03 0.6 0.575625 0.04246951219512196 0.02121951219512208
