00 0.3175 0.68625 0.02998355263157898 0.029983552631578925
18 0.59125 0.05 0.014991610738254946 0.01749161073825503
19 0.430625 0.811875 0.011206896551724133 0.028706896551724093
04 0.52875 0.20437499999999997 0.02499444444444443 0.018744444444444425
03 0.98 0.76875 0.019988095238095083 0.04998809523809511
12 0.318125 0.16249999999999998 0.023742977528089848 0.02749297752808985
18 0.33375 0.628125 0.017495098039215673 0.018745098039215757
02 0.165625 0.358125 0.07370689655172413 0.023706896551724144
17 0.034375 0.65 0.028728448275862066 0.022478448275862206
01 0.7112499999999999 0.338125 0.014886363636363753 0.011136363636363611
06 0.7381214488636363 0.1325 0.01624289772727272 0.06498579545454547
10 0.068125 0.15875 0.018719512195121947 0.017469512195121967
