14 0.47250000000000003 0.075 0.02998355263157887 0.02748355263157895
04 0.69 0.3175 0.0274916107382549 0.027491610738255012
03 0.04250000000000001 0.33499999999999996 0.04995689655172415 0.02995689655172412
04 0.951875 0.32875 0.0212444444444444 0.01749444444444448
09 0.2925 0.47125 0.01998809523809525 0.029988095238095314
05 0.934375 0.20750000000000002 0.018742977528089844 0.04499297752808987
15 0.745625 0.303125 0.05124509803921562 0.031245098039215657
01 0.6675 0.685 0.01745689655172411 0.01745689655172422
03 0.5625 0.5706249999999999 0.022478448275861984 0.05622844827586204
03 0.469375 0.253125 0.018636363636363618 0.04863636363636367
03 0.39375 0.174375 0.047485795454545454 0.028735795454545465
