14 0.4225 0.77125 0.047483552631578885 0.037483552631578876
01 0.235625 0.90875 0.023741610738255037 0.024991610738254955
10 0.201875 0.60375 0.041206896551724104 0.02745689655172412
15 0.356875 0.7693749999999999 0.023744444444444457 0.016244444444444395
03 0.7731250000000001 0.853125 0.051238095238095194 0.028738095238095118
16 0.82375 0.930625 0.049992977528089844 0.04124297752808992
01 0.6268750000000001 0.401875 0.031245098039215713 0.02624509803921571
04 0.849375 0.6525 0.036206896551724155 0.024956896551724173
20 0.754375 0.17375000000000002 0.028728448275862184 0.029978448275862074
15 0.2525 0.8131250000000001 0.019886363636363646 0.016136363636363726
03 0.313125 0.8575 0.04623579545454548 0.04748579545454534
00 0.8025 0.3675 0.03246951219512195 0.019969512195121997
06 0.765625 0.173125 0.07623214285714286 0.011232142857142857
03 0.36875 0.16125 0.0324875 0.01998750000000002
