04 0.343125 0.24875 0.028733552631578896 0.02998355263157898
19 0.3825 0.164375 0.02999161073825507 0.02624161073825504
12 0.775 0.95 0.029956896551724066 0.032456896551724124
18 0.39875 0.7275 0.019994444444444537 0.022494444444444373
18 0.6387499999999999 0.24875000000000003 0.01498809523809519 0.017488095238095275
03 0.6025 0.8875 0.019992977528089817 0.027492977528089768
04 0.6725 0.056875 0.027495098039215682 0.023745098039215692
05 0.29125 0.6856249999999999 0.024956896551724117 0.0337068965517241
03 0.14875 0.7831250000000001 0.039978448275862055 0.026228448275862237
08 0.8031250000000001 0.744375 0.01363636363636378 0.016136363636363726
20 0.27125 0.134375 0.02498579545454549 0.02373579545454546
15 0.899375 0.7493749999999999 0.04871951219512194 0.026219512195121975
