15 0.174375 0.90625 0.04623355263157897 0.029983552631578814
11 0.366875 0.84625 0.05124161073825506 0.032491610738254906
12 0.8200000000000001 0.6825 0.059956896551724204 0.06745689655172415
20 0.7262500000000001 0.255625 0.03499444444444444 0.031244444444444408
08 0.31062500000000004 0.28 0.056238095238095254 0.032488095238095316
08 0.14687499999999998 0.834375 0.031242977528089882 0.061242977528089826
06 0.1437512254901961 0.600625 0.02249754901960785 0.03374509803921566
20 0.9762500000000001 0.573125 0.022456896551724115 0.016206896551724137
03 0.7949999999999999 0.913125 0.08747844827586226 0.10122844827586219
03 0.165 0.575 0.03738636363636366 0.04988636363636367
14 0.378125 0.555625 0.05623579545454549 0.05373579545454543
07 0.46499999999999997 0.7831250000000001 0.02996951219512195 0.05871951219512195
14 0.423125 0.21750000000000003 0.031232142857142875 0.047482142857142834
01 0.7749999999999999 0.16749999999999998 0.027487499999999998 0.024987500000000024
