03 0.028125 0.23625 0.04373355263157895 0.022483552631578974
03 0.185 0.8175 0.024991610738255066 0.03499161073825485
09 0.80125 0.619375 0.024956896551724173 0.0237068965517242
13 0.6556249999999999 0.8843749999999999 0.06874444444444439 0.11124444444444437
00 0.91625 0.6100000000000001 0.02248809523809514 0.017488095238095247
03 0.743125 0.87625 0.028742977528089853 0.03499297752808983
07 0.26187499999999997 0.515 0.013745098039215697 0.0474950980392157
06 0.329375 0.44437499999999996 0.0362068965517241 0.09620689655172415
11 0.955625 0.37625 0.02372844827586229 0.02247844827586204
03 0.393125 0.733125 0.008636363636363553 0.02363636363636379
