15 0.06562499999999999 0.4475 0.013733552631578952 0.027483552631578867
03 0.49812500000000004 0.0475 0.02874161073825504 0.03749161073825502
02 0.291875 0.8537392241379311 0.046206896551724164 0.03497844827586205
10 0.72375 0.60375 0.029994444444444435 0.029994444444444435
01 0.7050000000000001 0.1475 0.014988095238095078 0.012488095238095243
03 0.735625 0.79625 0.03874297752808986 0.029992977528089826
03 0.315 0.923125 0.032495098039215686 0.02624509803921571
03 0.10561422413793103 0.8731249999999999 0.011228448275862057 0.028706896551724204
03 0.7475 0.935625 0.0174784482758622 0.03372844827586219
18 0.52125 0.34875 0.01738636363636359 0.01988636363636359
08 0.92625 0.843125 0.012485795454545312 0.0287357954545453
11 0.2525 0.8231250000000001 0.029969512195122006 0.026219512195121975
06 0.321875 0.6781250000000001 0.01873214285714281 0.018732142857142864
