14 0.629375 0.178125 0.02873355263157884 0.03623355263157896
06 0.028125 0.526875 0.013741610738255035 0.08624161073825504
06 0.9625 0.188125 0.039956896551724075 0.09370689655172412
13 0.5062513888888889 0.578125 0.1174972222222222 0.08874444444444451
06 0.058125 0.17624702380952384 0.10373809523809524 0.08249404761904763
03 0.918125 0.123125 0.05124297752808982 0.03624297752808989
02 0.6543749999999999 0.8831249999999999 0.03374509803921566 0.028745098039215766
08 0.12063577586206897 0.263125 0.028728448275862073 0.046206896551724136
16 0.19 0.753125 0.04747844827586206 0.03872844827586219
13 0.534375 0.94625 0.03863636363636358 0.03238636363636371
06 0.90125 0.12 0.08998579545454533 0.059985795454545465
