11 0.7381249999999999 0.513125 0.033733552631578845 0.02873355263157895
06 0.10375000000000001 0.700625 0.049991610738255046 0.0587416107382549
13 0.20750000000000002 0.195625 0.04995689655172411 0.11620689655172411
08 0.7418750000000001 0.7081236111111111 0.04624444444444442 0.03374722222222215
10 0.246875 0.42125 0.018738095238095248 0.037488095238095265
00 0.9 0.7375 0.039992977528089835 0.02499297752808982
10 0.13125 0.8968750000000001 0.029995098039215698 0.021245098039215704
10 0.5137499999999999 0.943125 0.02495689655172406 0.026206896551724146
04 0.41874999999999996 0.7525 0.027478448275862044 0.01997844827586215
03 0.69875 0.08249999999999999 0.06738636363636374 0.04488636363636363
02 0.8437464488636364 0.6325 0.05499289772727267 0.03248579545454544
07 0.146875 0.30125 0.05371951219512194 0.047469512195121966
