20 0.585 0.15125 0.027483552631578867 0.024983552631578948
06 0.4125 0.6950000000000001 0.04249161073825508 0.07249161073825483
18 0.33999999999999997 0.57125 0.019956896551724113 0.022456896551724115
03 0.8512513888888888 0.77625 0.01249722222222227 0.04499444444444434
01 0.360625 0.49 0.016238095238095218 0.0149880952380953
20 0.415625 0.119375 0.023742977528089848 0.023742977528089876
10 0.954375 0.545625 0.02374509803921565 0.021245098039215704
03 0.749375 0.310625 0.0237068965517242 0.026206896551724146
01 0.315625 0.37687499999999996 0.01372844827586206 0.011228448275862057
03 0.7925 0.15 0.024886363636363762 0.014886363636363642
18 0.36312500000000003 0.078125 0.01623579545454551 0.018735795454545456
03 0.203125 0.35625 0.04121951219512199 0.027469512195121948
06 0.5575 0.1775 0.06998214285714277 0.017482142857142835
03 0.38375000000000004 0.233125 0.034987500000000005 0.026237500000000025
