03 0.9143749999999999 0.73875 0.008733552631578934 0.012483552631578965
03 0.8662479026845638 0.80375 0.01499580536912748 0.017491610738254892
14 0.84375 0.32375 0.02745689655172412 0.014956896551724108
08 0.373125 0.458125 0.026244444444444515 0.016244444444444506
00 0.08499999999999999 0.91125 0.014988095238095231 0.017488095238095136
04 0.64 0.65125 0.014992977528089924 0.01749297752808987
07 0.09937499999999999 0.61875 0.02124509803921569 0.024995098039215735
17 0.469375 0.22125 0.03120689655172415 0.024956896551724117
18 0.38187499999999996 0.299375 0.016228448275862062 0.018728448275862064
02 0.0869034090909091 0.38187499999999996 0.028693181818181826 0.01613636363636356
03 0.6506285511363636 0.7025 0.01624289772727261 0.02498579545454538
03 0.83625 0.9456249999999999 0.009969512195121988 0.026219512195121975
