05 0.05437500000000001 0.723125 0.026233552631578956 0.03873355263157885
19 0.13624999999999998 0.40625 0.014991610738255029 0.03999161073825508
18 0.920625 0.364375 0.02120689655172414 0.023706896551724088
06 0.5537486111111112 0.855 0.06999722222222216 0.07249444444444442
20 0.16312500000000002 0.433125 0.03123809523809526 0.031238095238095287
06 0.56375 0.16125 0.004992977528089804 0.04749297752808987
13 0.239375 0.580625 0.07624509803921567 0.036245098039215606
14 0.341875 0.8231250000000001 0.026206896551724146 0.06370689655172412
12 0.27249999999999996 0.255 0.04247844827586206 0.03497844827586205
13 0.551875 0.930625 0.03863636363636358 0.043636363636363806
13 0.865625 0.8831249999999999 0.03873579545454531 0.0337357954545453
10 0.459375 0.16312500000000002 0.028719512195121977 0.021219512195121942
00 0.4125 0.176875 0.027482142857142844 0.02373214285714284
