04 0.666875 0.724375 0.01873355263157883 0.02123355263157889
09 0.44875 0.9668749999999999 0.05499161073825504 0.046241610738254946
07 0.263125 0.184375 0.02120689655172414 0.07120689655172413
06 0.37812500000000004 0.5956250000000001 0.023744444444444512 0.02124444444444451
15 0.12875 0.19375 0.04248809523809523 0.037488095238095265
20 0.6168750000000001 0.17062499999999997 0.03124297752808991 0.031242977528089882
14 0.14 0.921875 0.029995098039215712 0.04874509803921567
01 0.913125 0.74125 0.026206896551724146 0.029956896551724177
03 0.27125 0.815625 0.03247844827586205 0.03372844827586219
03 0.39125 0.346875 0.03988636363636361 0.03863636363636358
10 0.518125 0.253125 0.016235795454545454 0.018735795454545484
