12 0.16187500000000002 0.263125 0.03873355263157896 0.02873355263157895
19 0.028749999999999998 0.828125 0.019991610738255033 0.031241610738254932
18 0.23875000000000002 0.06 0.014956896551724136 0.017456896551724138
15 0.5062500000000001 0.4225 0.019994444444444537 0.027494444444444488
06 0.24812499999999998 0.3325 0.006238095238095265 0.047488095238095274
04 0.3375017556179775 0.6487499999999999 0.019996488764044917 0.01749297752808976
14 0.72875 0.69375 0.014995098039215726 0.03749509803921569
08 0.37875000000000003 0.065625 0.014956896551724108 0.018706896551724146
18 0.9325000000000001 0.7462500000000001 0.0174784482758622 0.01997844827586215
07 0.695653409090909 0.7518750000000001 0.028693181818181812 0.043636363636363806
03 0.954375 0.7224999999999999 0.021235795454545348 0.024985795454545268
03 0.7999923780487805 0.12687500000000002 0.019984756097561007 0.021219512195121942
03 0.569375 0.11499999999999999 0.036232142857142824 0.04498214285714286
01 0.6325000000000001 0.9524999999999999 0.02498750000000005 0.027487499999999998
