20 0.63 0.12687500000000002 0.04498355263157894 0.041233552631578935
12 0.275625 0.753125 0.11124161073825503 0.0637416107382549
00 0.855 0.86625 0.07745689655172416 0.05995689655172409
03 0.338125 0.846875 0.05874444444444449 0.043744444444444364
18 0.958125 0.058124999999999996 0.041238095238095074 0.043738095238095236
16 0.65375 0.6174999999999999 0.07499297752808987 0.0674929775280898
04 0.159375 0.76 0.06874509803921569 0.05499509803921576
08 0.1525 0.579375 0.054956896551724144 0.036206896551724155
12 0.7106250000000001 0.24687499999999998 0.07372844827586211 0.07372844827586206
11 0.524375 0.18062499999999998 0.05863636363636365 0.03863636363636366
14 0.379375 0.0325 0.038735795454545474 0.03498579545454545
07 0.659375 0.93375 0.04121951219512199 0.08496951219512194
20 0.08625 0.8162499999999999 0.03248214285714286 0.019982142857142837
