15 0.58875 0.59625 0.03998355263157882 0.09498355263157887
13 0.91125 0.7075 0.09749161073825485 0.11499161073825492
01 0.6275 0.430625 0.02495689655172406 0.02120689655172414
01 0.878125 0.44937499999999997 0.033744444444444355 0.03374444444444452
10 0.46 0.725625 0.03248809523809526 0.02623809523809506
06 0.72125 0.6 0.11749297752808985 0.03749297752808989
16 0.033125 0.30062500000000003 0.05374509803921569 0.05874509803921574
19 0.8868750000000001 0.45875 0.04120689655172416 0.044956896551724135
03 0.628125 0.110625 0.053728448275862206 0.05122844827586205
00 0.3825 0.9575 0.04488636363636356 0.03238636363636371
02 0.9368749999999999 0.920625 0.05373579545454532 0.05373579545454532
03 0.40875 0.643125 0.07246951219512199 0.05871951219512195
20 0.8025 0.2875 0.04248214285714291 0.04248214285714286
06 0.865625 0.7637499999999999 0.07623749999999996 0.0999875
