19 0.341875 0.631875 0.04623355263157891 0.051233552631578916
03 0.184375 0.27437500000000004 0.05624161073825504 0.02874161073825504
06 0.840625 0.424375 0.026206896551724146 0.0387068965517241
03 0.830625 0.034374999999999996 0.031244444444444297 0.026244444444444442
15 0.818125 0.47625 0.031238095238095065 0.02248809523809525
03 0.231875 0.0475 0.061242977528089826 0.03999297752808989
06 0.37 0.308125 0.06499509803921566 0.09624509803921572
05 0.579375 0.179375 0.02120689655172414 0.05120689655172414
05 0.7050000000000001 0.13999999999999999 0.024978448275862264 0.05747844827586206
06 0.190625 0.35375 0.013636363636363669 0.04988636363636356
