03 0.788125 0.5625 0.031233552631578898 0.02498355263157892
03 0.46125 0.036875000000000005 0.024991610738255066 0.03374161073825503
08 0.638125 0.20375 0.016206896551724026 0.042456896551724105
00 0.5025000000000001 0.2525 0.027494444444444543 0.027494444444444405
06 0.919375 0.82 0.013738095238095105 0.06998809523809513
06 0.73125 0.6968749999999999 0.012492977528089866 0.023742977528089848
07 0.043125000000000004 0.84 0.03624509803921569 0.027495098039215682
03 0.356875 0.7406250000000001 0.026206896551724146 0.03120689655172415
03 0.218125 0.23375 0.011228448275862085 0.05497844827586207
03 0.3425 0.3075 0.024886363636363595 0.029886363636363655
03 0.9550000000000001 0.354375 0.019985795454545374 0.016235795454545454
06 0.71375 0.058124999999999996 0.022469512195121943 0.06121951219512195
19 0.88125 0.611875 0.012482142857142886 0.03123214285714282
04 0.545625 0.533125 0.023737499999999967 0.02123750000000002
