03 0.5293749999999999 0.03 0.018733552631578942 0.019983552631578944
02 0.369375 0.605 0.013741610738255083 0.03749161073825502
03 0.21500000000000002 0.22875 0.012456896551724134 0.01995689655172414
14 0.775625 0.97125 0.033744444444444355 0.02249444444444426
03 0.466875 0.805625 0.031238095238095287 0.028738095238095118
02 0.20937675561797753 0.58875 0.038746488764044934 0.024992977528089932
06 0.284375 0.108125 0.011245098039215695 0.02624509803921568
04 0.53125 0.4225 0.024956896551724173 0.01745689655172411
02 0.39312499999999995 0.803125 0.021228448275862066 0.04122844827586225
08 0.486875 0.360625 0.018636363636363562 0.04363636363636364
04 0.071875 0.345 0.02873579545454545 0.027485795454545492
14 0.9025 0.349375 0.029969512195122006 0.03371951219512198
18 0.899375 0.558125 0.018732142857142864 0.02123214285714281
