10 0.146875 0.58375 0.023733552631578947 0.019983552631578916
19 0.25125000000000003 0.80625 0.04249161073825505 0.024991610738254844
12 0.8087500000000001 0.8 0.039956896551724186 0.0649568965517241
03 0.028749999999999998 0.433125 0.02999444444444444 0.04624444444444448
15 0.7268749999999999 0.606875 0.04373809523809513 0.041238095238095185
04 0.868125 0.19374999999999998 0.036242977528089804 0.03499297752808986
00 0.20125 0.6074999999999999 0.03999509803921569 0.03499509803921563
03 0.255625 0.109375 0.031206896551724123 0.023706896551724116
06 0.11812500000000001 0.06 0.08872844827586207 0.062478448275862075
06 0.924375 0.48875 0.01363636363636378 0.047386363636363615
