02 0.8981250000000001 0.54 0.033733552631578845 0.04998355263157894
01 0.47125 0.58 0.042491610738255026 0.03749161073825502
02 0.0975 0.651875 0.07745689655172414 0.08370689655172414
02 0.469375 0.6056236111111111 0.04874444444444448 0.031247222222222315
09 0.87875 0.915 0.0399880952380951 0.062488095238095176
03 0.23062500000000002 0.7112499999999999 0.07624297752808987 0.03499297752808983
06 0.9075012254901961 0.238125 0.04249754901960778 0.02874509803921571
06 0.888125 0.371875 0.07370689655172413 0.12120689655172412
01 0.10125 0.490625 0.04247844827586207 0.03122844827586202
10 0.20124999999999998 0.7324999999999999 0.032386363636363685 0.03738636363636372
15 0.5843750000000001 0.36812500000000004 0.058735795454545436 0.04873579545454548
05 0.778125 0.14 0.04621951219512199 0.04246951219512196
08 0.365625 0.23625000000000002 0.04373214285714283 0.024982142857142814
06 0.693125 0.749375 0.018737500000000074 0.04123750000000004
