12 0.42374999999999996 0.355 0.10248355263157888 0.0724835526315789
01 0.370625 0.08625000000000001 0.03624161073825505 0.02749161073825504
07 0.818125 0.469375 0.05120689655172406 0.06370689655172418
03 0.641875 0.65625 0.10874444444444442 0.11749444444444446
10 0.584375 0.590625 0.033738095238095234 0.031238095238095287
14 0.19124999999999998 0.745625 0.029992977528089854 0.04124297752808981
20 0.848125 0.9475 0.046245098039215726 0.03749509803921569
14 0.80875 0.18625 0.057456896551724146 0.05995689655172415
07 0.48 0.286875 0.15497844827586205 0.04122844827586203
01 0.7737499999999999 0.635 0.047386363636363726 0.03738636363636372
12 0.8425 0.07750000000000001 0.062485795454545356 0.06498579545454546
