06 0.22062500000000002 0.7275 0.08123355263157897 0.03248355263157887
10 0.14500000000000002 0.18875 0.02749161073825504 0.024991610738255066
07 0.47562499999999996 0.6475 0.08620689655172414 0.07995689655172411
20 0.380625 0.653125 0.033744444444444466 0.02874444444444446
04 0.518125 0.454375 0.02873809523809523 0.028738095238095285
02 0.9706250000000001 0.063125 0.03374297752808986 0.023742977528089883
20 0.08625 0.8243750000000001 0.012495098039215682 0.011245098039215695
20 0.869375 0.30625 0.011206896551724133 0.012456896551724161
03 0.909375 0.51375 0.0437284482758622 0.062478448275862075
03 0.091875 0.285 0.016136363636363643 0.04488636363636367
10 0.739375 0.14625 0.0287357954545453 0.019985795454545457
01 0.93625 0.85625 0.022469512195121943 0.01746951219512194
14 0.856875 0.32999999999999996 0.04873214285714289 0.027482142857142844
