08 0.836875 0.47875 0.008733552631578934 0.022483552631578918
20 0.41437500000000005 0.6437499999999999 0.023741610738255037 0.01999161073825495
03 0.32625 0.74875 0.0749568965517241 0.024956896551724173
07 0.14250000000000002 0.6456249999999999 0.009994444444444445 0.02874444444444435
03 0.41500000000000004 0.38 0.029988095238095258 0.009988095238095296
08 0.72875 0.06125 0.024992977528089932 0.014992977528089889
18 0.5475 0.02375 0.01999509803921562 0.02249509803921569
08 0.71625 0.688739224137931 0.02745689655172423 0.039978448275862055
18 0.674375 0.849375 0.01622844827586223 0.018728448275862286
08 0.3625 0.63625 0.037386363636363606 0.024886363636363762
03 0.6575 0.975625 0.017485795454545316 0.0337357954545453
14 0.81 0.43 0.014969512195121992 0.027469512195121948
