03 0.43937499999999996 0.8943749999999999 0.038733552631578905 0.051233552631578916
13 0.503125 0.793125 0.05374161073825501 0.1262416107382549
19 0.35 0.42562500000000003 0.044956896551724135 0.02620689655172409
18 0.233125 0.819375 0.028744444444444406 0.031244444444444297
01 0.391875 0.484375 0.026238095238095227 0.023738095238095225
11 0.125625 0.6225 0.0512429775280899 0.029992977528089937
00 0.6525000000000001 0.471875 0.032495098039215686 0.02624509803921571
20 0.964375 0.21625 0.028706896551724093 0.024956896551724117
03 0.675 0.6025 0.06497844827586219 0.012478448275862086
03 0.813125 0.830625 0.09613636363636369 0.01363636363636378
