20 0.56 0.35062499999999996 0.02498355263157881 0.018733552631578887
11 0.235 0.9675 0.03999161073825505 0.03499161073825485
18 0.6575 0.745 0.024956896551724173 0.02745689655172412
03 0.640625 0.8575 0.031244444444444408 0.022494444444444373
06 0.745 0.445625 0.024988095238095198 0.026238095238095283
02 0.7575000000000001 0.07562500000000001 0.06499297752808986 0.1037429775280899
20 0.374375 0.79625 0.013745098039215697 0.014995098039215726
02 0.49375 0.19687500000000002 0.06745689655172415 0.03620689655172413
13 0.839375 0.57 0.07622844827586217 0.049978448275862064
04 0.566875 0.433125 0.03863636363636358 0.03363636363636363
14 0.74125 0.09312500000000001 0.07248579545454537 0.08123579545454546
