07 0.5337541118421052 0.21750000000000003 0.02999177631578942 0.054983552631578975
08 0.8956270973154363 0.9225 0.03874580536912753 0.04499161073825486
20 0.027500000000000004 0.840625 0.02745689655172414 0.026206896551724146
14 0.815 0.646875 0.02499444444444443 0.033744444444444355
10 0.531875 0.396875 0.02873809523809534 0.018738095238095276
12 0.123125 0.803125 0.03624297752808989 0.061242977528089826
03 0.80625 0.660625 0.03749509803921569 0.028745098039215655
13 0.718125 0.174375 0.05120689655172406 0.033706896551724125
12 0.32 0.435625 0.07247844827586203 0.07622844827586206
11 0.864375 0.8243750000000001 0.03113636363636374 0.026136363636363735
03 0.295625 0.2675 0.05873579545454549 0.04248579545454548
