11 0.8525 0.61125 0.022483552631578863 0.02498355263157892
14 0.9450000000000001 0.50625 0.012491610738254999 0.03499161073825502
03 0.6225 0.020625 0.019956896551724168 0.013706896551724137
02 0.9043749999999999 0.0225 0.041244444444444306 0.027494444444444446
01 0.64625 0.239375 0.012488095238095354 0.01123809523809527
03 0.8575 0.669375 0.01749297752808987 0.026242977528089795
04 0.54125 0.6675 0.017495098039215673 0.022495098039215677
03 0.47 0.7537499999999999 0.027456896551724175 0.029956896551724177
03 0.568125 0.375 0.036228448275862135 0.014978448275862033
03 0.6275000000000001 0.09187500000000001 0.03488636363636366 0.01863636363636363
04 0.22 0.89375 0.022485795454545487 0.014985795454545259
18 0.436875 0.660625 0.011219512195121961 0.013719512195121908
03 0.5425 0.23249999999999998 0.014982142857142833 0.02248214285714281
00 0.10625 0.674375 0.01998750000000002 0.018737499999999963
