12 0.7112499999999999 0.9275 0.02498355263157881 0.029983552631578814
03 0.15 0.54625 0.06249161073825504 0.02249161073825512
00 0.5162500000000001 0.389375 0.022456896551724115 0.01870689655172414
20 0.628125 0.685 0.018744444444444563 0.014994444444444421
03 0.325625 0.876875 0.021238095238095278 0.03873809523809513
03 0.343125 0.80375 0.03374297752808986 0.029992977528089826
14 0.610625 0.435625 0.018745098039215646 0.031245098039215713
09 0.77125 0.9256249999999999 0.02745689655172412 0.02120689655172414
00 0.579375 0.485625 0.02372844827586207 0.021228448275862066
03 0.07125000000000001 0.85625 0.04738636363636363 0.032386363636363824
15 0.6512535511363637 0.661875 0.017492897727272694 0.016235795454545343
