15 0.863125 0.75 0.023733552631578947 0.052483552631579
02 0.445625 0.91875 0.018741610738255088 0.05499161073825498
20 0.44437499999999996 0.056249999999999994 0.031206896551724095 0.024956896551724138
03 0.18625 0.47 0.019994444444444426 0.0374944444444445
00 0.064375 0.4375 0.03873809523809524 0.027488095238095256
15 0.8474999999999999 0.05375 0.06249297752808991 0.05499297752808989
03 0.53 0.911875 0.022495098039215677 0.0162450980392157
03 0.14375 0.706875 0.02995689655172415 0.028706896551724093
18 0.274375 0.943125 0.03372844827586208 0.036228448275862135
08 0.08937500000000001 0.505625 0.02863636363636364 0.018636363636363562
20 0.325 0.8518749999999999 0.027485795454545436 0.023735795454545294
