11 0.77125 0.54375 0.022483552631578974 0.03248355263157887
02 0.534375 0.47187500000000004 0.03374161073825499 0.043741610738255055
06 0.11750000000000001 0.513125 0.07245689655172413 0.026206896551724035
06 0.6012500000000001 0.26375 0.022494444444444484 0.014994444444444421
07 0.124375 0.11624702380952381 0.06123809523809523 0.04749404761904763
04 0.6225 0.926875 0.02499297752808982 0.026242977528089906
06 0.7112499999999999 0.08249999999999999 0.024995098039215624 0.06499509803921569
05 0.5543750000000001 0.33375 0.023706896551724088 0.02995689655172412
20 0.193125 0.835 0.02622844827586207 0.024978448275862264
09 0.391875 0.575625 0.023636363636363622 0.03113636363636363
15 0.861875 0.92875 0.011235795454545339 0.03248579545454533
03 0.2175 0.7793749999999999 0.034969512195121955 0.03871951219512193
