01 0.16062500000000002 0.23875 0.01873355263157897 0.014983552631578967
13 0.184375 0.44 0.05124161073825503 0.04499161073825508
03 0.51 0.84625 0.019956896551724057 0.02495689655172406
18 0.429375 0.10500000000000001 0.016244444444444506 0.019994444444444467
06 0.438125 0.416875 0.01123809523809527 0.021238095238095278
06 0.3125 0.916875 0.0624929775280898 0.05124297752808982
02 0.78 0.9068750000000001 0.014995098039215726 0.021245098039215704
03 0.755 0.8 0.02745689655172412 0.039956896551724186
13 0.62875 0.478125 0.0274784482758621 0.07122844827586206
11 0.17375000000000002 0.044375 0.027386363636363653 0.021136363636363634
20 0.903125 0.405625 0.021235795454545348 0.016235795454545454
