04 0.799375 0.965 0.02873355263157895 0.027483552631578867
01 0.8775 0.2575 0.03999161073825486 0.032491610738255045
20 0.400625 0.075625 0.016206896551724137 0.011206896551724133
03 0.413125 0.32062500000000005 0.0687444444444445 0.06124444444444449
20 0.809375 0.078125 0.03373809523809512 0.033738095238095234
01 0.30062500000000003 0.033125 0.02624297752808985 0.01874297752808989
06 0.8831249999999999 0.578125 0.05374509803921568 0.08124509803921565
03 0.604375 0.71875 0.0387068965517241 0.06745689655172415
03 0.163125 0.7050000000000001 0.06872844827586205 0.03747844827586222
02 0.71 0.48 0.039886363636363775 0.024886363636363595
01 0.504375 0.33999999999999997 0.018735795454545512 0.01998579545454543
06 0.7662500000000001 0.886875 0.057469512195121975 0.08121951219512202
