14 0.7475 0.65375 0.02498355263157881 0.027483552631578978
12 0.729375 0.566875 0.031241610738254932 0.023741610738255092
03 0.195 0.16625 0.02745689655172412 0.024956896551724145
11 0.45 0.57375 0.022494444444444484 0.019994444444444426
03 0.356875 0.683125 0.016238095238095274 0.028738095238095118
20 0.06375 0.6275 0.024992977528089884 0.02499297752808982
14 0.9137500000000001 0.92125 0.007495098039215775 0.024995098039215735
03 0.106875 0.73 0.021206896551724128 0.014956896551724164
05 0.951875 0.4525 0.021228448275862233 0.03247844827586205
09 0.1925 0.47124999999999995 0.027386363636363653 0.0298863636363636
10 0.07312500000000001 0.510625 0.023735795454545468 0.018735795454545512
03 0.9550000000000001 0.36812500000000004 0.012469512195122046 0.038719512195121986
07 0.53125 0.6387499999999999 0.030000000000000027 0.01748214285714289
06 0.035625 0.525 0.0162375 0.019987500000000047
