03 0.566875 0.02 0.01873355263157883 0.014983552631578946
03 0.07875 0.5425 0.032491610738255045 0.017491610738255003
08 0.674375 0.313125 0.053706896551724115 0.02120689655172414
06 0.0875 0.96 0.03249444444444445 0.012494444444444364
04 0.311875 0.234375 0.028738095238095285 0.016238095238095274
03 0.875625 0.5774999999999999 0.1662429775280898 0.07499297752808987
18 0.9512499999999999 0.60375 0.022495098039215677 0.024995098039215735
09 0.74625 0.39937500000000004 0.024956896551724173 0.028706896551724148
07 0.76125 0.4175 0.03497844827586216 0.019978448275862093
13 0.144375 0.2525 0.04113636363636364 0.04488636363636367
04 0.238125 0.6499999999999999 0.028735795454545465 0.027485795454545436
03 0.82375 0.7 0.03246951219512195 0.03746951219512196
15 0.051875000000000004 0.6812499999999999 0.016232142857142855 0.03248214285714279
