13 0.164375 0.406875 0.07123355263157896 0.0337335526315789
03 0.17875000000000002 0.8175 0.024991610738255038 0.069991610738255
20 0.49 0.47062499999999996 0.012456896551724106 0.013706896551724135
20 0.28375 0.975625 0.037494444444444386 0.03624444444444441
06 0.12187500000000001 0.7831250000000001 0.016238095238095232 0.031238095238095176
06 0.135 0.658125 0.029992977528089895 0.10124297752808986
11 0.037500000000000006 0.84625 0.029995098039215688 0.027495098039215793
13 0.2775 0.460625 0.03745689655172413 0.05870689655172412
03 0.10625 0.96 0.06497844827586205 0.04747844827586223
18 0.483125 0.379375 0.023636363636363622 0.02613636363636357
04 0.9075 0.75625 0.03248579545454533 0.027485795454545325
03 0.60625 0.321875 0.14746951219512205 0.10371951219512199
