03 0.42375 0.8868750000000001 0.029983552631578925 0.033733552631578845
02 0.499375 0.301875 0.013741610738255083 0.04624161073825506
09 0.165 0.3375 0.024956896551724117 0.024956896551724117
15 0.44125000000000003 0.165625 0.02249444444444454 0.031244444444444464
03 0.903125 0.29875 0.028738095238095118 0.017488095238095247
10 0.24062499999999998 0.513125 0.02374297752808982 0.016242977528089786
08 0.9568749999999999 0.7106250000000001 0.05374509803921568 0.02374509803921565
20 0.90875 0.375625 0.022456896551724115 0.023706896551724144
04 0.33 0.381875 0.029978448275862046 0.03372844827586208
03 0.72875 0.09625 0.039886363636363775 0.03488636363636363
10 0.8587499999999999 0.566875 0.02248579545454532 0.018735795454545512
