03 0.684375 0.834375 0.023733552631578836 0.016233552631578885
14 0.840625 0.8712500000000001 0.018741610738254866 0.029991610738254848
06 0.11624999999999999 0.733125 0.034956896551724126 0.043706896551724106
06 0.4175 0.7375 0.04999444444444451 0.009994444444444306
03 0.29625 0.42874999999999996 0.04248809523809527 0.022488095238095307
14 0.39125 0.34687500000000004 0.009992977528089864 0.02624297752808985
02 0.403125 0.146875 0.02624509803921571 0.021245098039215704
06 0.24001077586206895 0.6112500000000001 0.03247844827586205 0.049956896551724195
03 0.48687499999999995 0.255 0.016228448275862062 0.029978448275862046
03 0.1062784090909091 0.631875 0.05244318181818182 0.02113636363636362
06 0.22499999999999998 0.90125 0.057485795454545435 0.04998579545454529
03 0.52 0.5700000000000001 0.012469512195121935 0.01746951219512194
