03 0.298125 0.128125 0.011233552631578936 0.01873355263157893
03 0.36624999999999996 0.575 0.04249161073825508 0.07249161073825505
15 0.170625 0.34375 0.011206896551724133 0.012456896551724106
06 0.08687500000000001 0.226875 0.02624444444444446 0.021244444444444427
01 0.579375 0.67625 0.013738095238095216 0.009988095238095074
08 0.7262500000000001 0.27 0.032492977528089884 0.009992977528089864
13 0.299375 0.131875 0.0737450980392157 0.011245098039215695
04 0.609375 0.08124999999999999 0.02120689655172403 0.017456896551724124
04 0.3275 0.485 0.019978448275862037 0.019978448275862037
03 0.0575 0.17250000000000001 0.024886363636363637 0.03238636363636366
03 0.23812499999999998 0.7462500000000001 0.026235795454545435 0.034985795454545277
