04 0.825625 0.07 0.033733552631578845 0.022483552631578974
03 0.24562499999999998 0.6599999999999999 0.07624161073825506 0.034991610738254963
13 0.865 0.335625 0.02745689655172412 0.05120689655172417
03 0.81125 0.308125 0.04999444444444434 0.026244444444444404
13 0.535 0.51625 0.10498809523809532 0.05248809523809528
20 0.6168750000000001 0.226875 0.023742977528089848 0.023742977528089848
07 0.374375 0.39 0.033745098039215715 0.017495098039215673
08 0.683135775862069 0.089375 0.033728448275861966 0.028706896551724148
03 0.7493803879310345 0.78625 0.03123922413793112 0.01997844827586226
12 0.34187500000000004 0.155 0.02613636363636357 0.029886363636363655
