14 0.06999999999999999 0.7518750000000001 0.024983552631578948 0.04873355263157897
07 0.10375000000000001 0.415625 0.07499161073825505 0.06624161073825502
12 0.61375 0.9 0.07745689655172416 0.05995689655172409
06 0.8587486111111111 0.5374986111111111 0.11749722222222214 0.03749722222222218
20 0.8375 0.9212499999999999 0.02998809523809509 0.02248809523809514
15 0.72125 0.15062499999999998 0.027492977528089768 0.06624297752808987
18 0.411875 0.321875 0.02624509803921571 0.02874509803921571
15 0.24 0.9550000000000001 0.032456896551724124 0.04245689655172413
01 0.48875 0.74625 0.029978448275862046 0.032478448275862215
12 0.27125 0.295625 0.06738636363636363 0.04363636363636364
20 0.48875 0.13624999999999998 0.01498579545454548 0.01248579545454545
