19 0.871875 0.889375 0.016233552631578885 0.026233552631578894
03 0.05 0.6775 0.012491610738255034 0.042491610738254915
20 0.445 0.36375 0.014956896551724164 0.01745689655172411
03 0.5225 0.6675 0.049994444444444563 0.0524944444444444
00 0.058750000000000004 0.42874999999999996 0.022488095238095238 0.017488095238095303
12 0.51375 0.226875 0.03999297752808989 0.04624297752808984
07 0.11875 0.47 0.029995098039215684 0.01749509803921573
14 0.09187500000000001 0.585 0.018706896551724125 0.049956896551724195
00 0.680625 0.53375 0.018728448275862175 0.01747844827586198
18 0.935 0.845 0.014886363636363753 0.0173863636363637
15 0.015 0.865 0.009985795454545454 0.017485795454545316
13 0.383125 0.7975 0.016219512195121966 0.09496951219512195
00 0.345 0.36312500000000003 0.017482142857142835 0.01623214285714286
