03 0.33875 0.6125 0.10748355263157894 0.04498355263157883
00 0.215625 0.431875 0.04374161073825503 0.04124161073825505
06 0.6387499999999999 0.34187500000000004 0.022456896551724115 0.03870689655172416
01 0.84375 0.47750000000000004 0.04249444444444439 0.0399944444444445
03 0.14812797619047618 0.245625 0.03624404761904762 0.03373809523809529
03 0.345625 0.158125 0.023742977528089848 0.031242977528089855
18 0.5125 0.411875 0.032495098039215686 0.03374509803921566
20 0.875625 0.28437500000000004 0.026206896551724146 0.028706896551724148
00 0.17625000000000002 0.129375 0.03747844827586208 0.023728448275862055
04 0.494375 0.185 0.04113636363636358 0.042386363636363666
02 0.798125 0.8987499999999999 0.051235795454545374 0.06748579545454525
00 0.6775 0.235 0.06746951219512198 0.06746951219512196
20 0.880625 0.6212500000000001 0.04123214285714283 0.039982142857142855
06 0.6312500000000001 0.213125 0.02498750000000005 0.11373750000000005
