20 0.9275 0.806875 0.017483552631578858 0.016233552631578885
12 0.5606249999999999 0.5525 0.038741610738255106 0.03999161073825497
03 0.037500000000000006 0.465625 0.01745689655172414 0.011206896551724133
18 0.735 0.445 0.012494444444444364 0.014994444444444532
05 0.776875 0.1975 0.016238095238095163 0.027488095238095284
20 0.108125 0.5856250000000001 0.0187429775280899 0.016242977528089786
01 0.49375 0.645 0.014995098039215726 0.014995098039215726
07 0.549375 0.254375 0.06620689655172407 0.016206896551724137
04 0.5525 0.655 0.01747844827586209 0.01997844827586226
06 0.888125 0.3718465909090909 0.06363636363636382 0.02619318181818181
03 0.82125 0.815 0.012485795454545312 0.024985795454545268
