03 0.26 0.349375 0.014983552631578967 0.031233552631578898
20 0.356875 0.148125 0.028741610738255097 0.02624161073825504
09 0.764375 0.8025 0.06120689655172418 0.032456896551724124
14 0.380625 0.155625 0.018744444444444508 0.04624444444444445
08 0.968125 0.053750000000000006 0.021238095238095056 0.029988095238095237
20 0.18 0.354375 0.022492977528089847 0.016242977528089897
06 0.771875 0.7906237745098039 0.07124509803921564 0.06374754901960777
19 0.5625 0.5325 0.032456896551724235 0.032456896551724124
06 0.32625000000000004 0.2875 0.03747844827586205 0.014978448275862088
10 0.51875 0.17875000000000002 0.014886363636363531 0.017386363636363672
12 0.673125 0.361875 0.03623579545454536 0.058735795454545436
07 0.179375 0.608125 0.013719512195121991 0.04621951219512199
03 0.025625 0.38687499999999997 0.048732142857142856 0.03373214285714282
03 0.775625 0.886875 0.026237500000000025 0.04123750000000004
