20 0.743125 0.3425 0.026233552631578894 0.024983552631578865
09 0.284375 0.37187499999999996 0.021241610738255035 0.02874161073825504
06 0.285 0.34875 0.03745689655172413 0.10995689655172414
13 0.14125 0.253125 0.06499444444444445 0.028744444444444434
03 0.198125 0.32875 0.036238095238095264 0.01998809523809525
13 0.45625 0.36875 0.02749297752808988 0.07999297752808981
04 0.231875 0.5387500000000001 0.031245098039215713 0.02999509803921574
03 0.714375 0.86625 0.0337068965517241 0.014956896551724164
04 0.676875 0.881875 0.021228448275862233 0.026228448275862237
09 0.45625000000000004 0.19375 0.0298863636363636 0.042386363636363666
20 0.050624999999999996 0.93875 0.02123579545454546 0.01498579545454537
03 0.901875 0.951875 0.026219512195121975 0.04621951219512199
05 0.1237544642857143 0.339375 0.02999107142857145 0.038732142857142826
