03 0.32562499999999994 0.27437500000000004 0.02623355263157895 0.013733552631578994
18 0.72875 0.5549999999999999 0.01999161073825495 0.022491610738255008
10 0.8531249999999999 0.7887500000000001 0.02120689655172414 0.014956896551724053
08 0.86125 0.41000000000000003 0.04499444444444434 0.01249444444444453
07 0.8356279761904762 0.6643749999999999 0.03374404761904759 0.0612380952380952
03 0.065625 0.595625 0.02124297752808988 0.03874297752808986
06 0.428125 0.660625 0.09124509803921571 0.05374509803921568
06 0.9231142241379311 0.34562499999999996 0.07622844827586206 0.08620689655172414
04 0.31437499999999996 0.42874999999999996 0.031228448275862075 0.027478448275862044
03 0.0325 0.4775 0.03238636363636363 0.037386363636363606
20 0.498125 0.7124999999999999 0.0187357954545454 0.012485795454545312
