11 0.22125 0.365 0.027483552631578978 0.029983552631578925
03 0.326875 0.34875 0.0312416107382551 0.052491610738255035
02 0.035625000000000004 0.455625 0.03120689655172414 0.06370689655172412
07 0.148125 0.6018749999999999 0.018744444444444452 0.07624444444444445
10 0.7775000000000001 0.7718750000000001 0.024988095238095087 0.021238095238095167
18 0.673125 0.104375 0.0212429775280899 0.02374297752808989
17 0.555625 0.09937499999999999 0.03624509803921572 0.04374509803921568
06 0.057499999999999996 0.73875 0.02745689655172414 0.02745689655172412
03 0.23249999999999998 0.7224999999999999 0.022478448275862067 0.01997844827586215
04 0.565 0.208125 0.03488636363636355 0.023636363636363678
12 0.5506214488636363 0.7112499999999999 0.03624289772727274 0.03998579545454539
14 0.49375 0.9475 0.01246951219512199 0.03246951219512195
