14 0.3 0.119375 0.03248355263157898 0.031233552631578926
20 0.065625 0.23125 0.03874161073825504 0.03499161073825505
09 0.58875 0.429375 0.02745689655172412 0.03120689655172415
03 0.6025 0.7268749999999999 0.01749444444444448 0.026244444444444404
08 0.814375 0.104375 0.01873809523809511 0.04623809523809523
03 0.0325 0.374375 0.03749297752808989 0.06374297752808983
18 0.824375 0.66625 0.018745098039215646 0.01999509803921562
10 0.786875 0.06 0.0237068965517242 0.017456896551724138
08 0.72375 0.308125 0.02997844827586227 0.028728448275862073
10 0.03375 0.6256250000000001 0.029886363636363635 0.033636363636363575
20 0.56125 0.403125 0.02498579545454549 0.026235795454545463
