17 0.923125 0.6781250000000001 0.02873355263157895 0.031233552631578898
12 0.90875 0.5675 0.034991610738254963 0.03749161073825502
07 0.706875 0.29125 0.016206896551724137 0.04745689655172414
06 0.90375 0.7481249999999999 0.07749444444444442 0.03874444444444436
05 0.11875 0.924375 0.02498809523809524 0.021238095238095167
12 0.800625 0.135625 0.06874297752808989 0.04874297752808987
12 0.84125 0.74 0.03999509803921575 0.034995098039215744
00 0.09 0.419375 0.029956896551724135 0.028706896551724093
11 0.7581249999999999 0.693125 0.0337284482758623 0.026228448275862126
18 0.38 0.323125 0.01738636363636359 0.02113636363636362
03 0.11937855113636364 0.17625000000000002 0.01124289772727273 0.039985795454545475
03 0.7625 0.558125 0.03246951219512206 0.026219512195121975
07 0.3131294642857143 0.271875 0.038741071428571416 0.01873214285714281
