08 0.04562088815789474 0.35 0.03374177631578948 0.03248355263157893
00 0.6243749999999999 0.50625 0.03624161073825494 0.02499161073825501
17 0.558125 0.7437499999999999 0.0387068965517241 0.04245689655172413
18 0.29625 0.876875 0.022494444444444428 0.023744444444444346
04 0.036875 0.9762500000000001 0.03123809523809523 0.024988095238095087
13 0.690625 0.58375 0.07124297752808983 0.09999297752808989
01 0.715 0.04125 0.024995098039215735 0.022495098039215688
03 0.31125 0.514375 0.04245689655172408 0.023706896551724088
20 0.919375 0.94875 0.03872844827586219 0.024978448275862153
00 0.819375 0.7518750000000001 0.0336363636363638 0.0336363636363638
02 0.15187499999999998 0.77875 0.05623579545454546 0.017485795454545427
