08 0.193125 0.5449999999999999 0.06123355263157898 0.03248355263157887
03 0.46562499999999996 0.28812499999999996 0.07874161073825497 0.12374161073825501
20 0.605 0.390625 0.032456896551724124 0.028706896551724093
20 0.694375 0.48250000000000004 0.03624444444444441 0.02999444444444449
03 0.8125 0.8825000000000001 0.01248809523809502 0.05748809523809506
00 0.8087500000000001 0.32499999999999996 0.032492977528089884 0.019992977528089872
13 0.533125 0.7193737745098039 0.14124509803921564 0.04874754901960787
18 0.6637500000000001 0.22812500000000002 0.029956896551724177 0.033706896551724125
07 0.38875000000000004 0.9125000000000001 0.02247844827586204 0.0799784482758622
07 0.21875 0.625 0.04738636363636367 0.02488636363636365
03 0.828125 0.575 0.023735795454545405 0.03998579545454539
13 0.581875 0.913125 0.061219512195122006 0.043719512195122046
03 0.933125 0.9275 0.03873214285714277 0.022482142857142895
14 0.15187499999999998 0.84125 0.033737500000000004 0.05248749999999991
