12 0.40875 0.684375 0.037483552631578876 0.033733552631578845
14 0.29937499999999995 0.400625 0.033741610738255046 0.04124161073825505
06 0.206875 0.5925 0.07620689655172413 0.01745689655172411
03 0.195625 0.6825 0.04124444444444442 0.04999444444444445
14 0.291875 0.680625 0.061238095238095314 0.03873809523809513
18 0.275 0.04125 0.019992977528089872 0.02249297752808989
06 0.661875 0.3381237745098039 0.06124509803921563 0.04624754901960787
00 0.459375 0.38875000000000004 0.023706896551724144 0.024956896551724117
08 0.8625 0.495625 0.02747844827586221 0.02622844827586207
01 0.5393749999999999 0.8768750000000001 0.018636363636363673 0.018636363636363673
03 0.5081249999999999 0.38875000000000004 0.04623579545454548 0.032485795454545496
03 0.74875 0.163125 0.04496951219512202 0.08121951219512195
01 0.900625 0.479375 0.02873214285714276 0.018732142857142864
14 0.631875 0.05437499999999999 0.07373750000000001 0.031237499999999994
