04 0.919375 0.85625 0.03873355263157896 0.03748355263157899
11 0.9337500000000001 0.5025 0.034991610738254963 0.03499161073825502
04 0.7337499999999999 0.911875 0.04245689655172413 0.036206896551724155
07 0.3168736111111111 0.964375 0.03624722222222221 0.043744444444444364
03 0.503125 0.454375 0.03873809523809524 0.02373809523809528
07 0.10250000000000001 0.28500000000000003 0.027492977528089893 0.10499297752808984
03 0.29625 0.69875 0.0499950980392157 0.05499509803921576
20 0.485625 0.053125000000000006 0.028706896551724148 0.02370689655172415
06 0.3075 0.6499946120689656 0.039978448275862055 0.029989224137931147
04 0.55 0.458125 0.039886363636363664 0.03863636363636358
03 0.26 0.9468749999999999 0.05748579545454546 0.021235795454545348
08 0.040625 0.044375 0.06621951219512195 0.023719512195121945
03 0.199375 0.7475 0.05373214285714284 0.0424821428571428
