03 0.5275 0.72125 0.037483552631578876 0.03248355263157887
15 0.66125 0.43937499999999996 0.022491610738254897 0.023741610738255037
03 0.68375 0.84875 0.06745689655172415 0.024956896551724173
08 0.82375 0.31625000000000003 0.03999444444444433 0.014994444444444477
00 0.678125 0.275 0.03623809523809518 0.02748809523809531
13 0.981875 0.92375 0.03375000000000006 0.07999297752808987
03 0.356875 0.900625 0.021245098039215704 0.013745098039215753
18 0.6125 0.6637500000000001 0.01745689655172411 0.019956896551724168
06 0.020625000000000004 0.1175 0.038728448275862075 0.014978448275862075
19 0.48812500000000003 0.471875 0.038636363636363635 0.02113636363636362
03 0.8143750000000001 0.388125 0.04373579545454531 0.04373579545454542
07 0.169375 0.218125 0.02871951219512195 0.04871951219512197
00 0.809375 0.699375 0.03123214285714282 0.02373214285714287
