15 0.455 0.36312500000000003 0.029983552631578925 0.07873355263157894
20 0.77875 0.47750000000000004 0.017491610738254892 0.01749161073825506
01 0.6956249999999999 0.06625 0.026206896551724035 0.019956896551724147
10 0.9706250000000001 0.44937499999999997 0.02874444444444435 0.021244444444444455
18 0.598125 0.798125 0.016238095238095274 0.01873809523809511
03 0.9293750000000001 0.8574999999999999 0.026242977528089795 0.022492977528089875
07 0.465625 0.185 0.021245098039215704 0.07749509803921567
12 0.63375 0.64375 0.05245689655172414 0.032456896551724124
03 0.39749999999999996 0.22125 0.024978448275862097 0.03247844827586205
15 0.8631249999999999 0.056875 0.05863636363636371 0.021136363636363634
18 0.25875 0.191875 0.019985795454545457 0.02373579545454546
07 0.40938262195121955 0.226875 0.043734756097561 0.06621951219512198
