03 0.77125 0.41500000000000004 0.014983552631578911 0.0649835526315789
05 0.901875 0.6725 0.021241610738254924 0.042491610738254915
02 0.70125 0.26625 0.02745689655172412 0.034956896551724154
03 0.6775 0.55625 0.019994444444444426 0.047494444444444506
03 0.465 0.706875 0.04248809523809527 0.0712380952380951
20 0.6812499999999999 0.26625 0.022492977528089875 0.024992977528089877
03 0.6443749999999999 0.33125000000000004 0.07624509803921564 0.0449950980392157
01 0.22 0.42 0.022456896551724115 0.022456896551724115
03 0.12625 0.47687500000000005 0.027478448275862058 0.07122844827586211
18 0.21000000000000002 0.14375 0.022386363636363676 0.024886363636363623
03 0.579375 0.203125 0.12623579545454544 0.08123579545454546
03 0.02625 0.28500000000000003 0.03746951219512195 0.034969512195121955
05 0.39 0.028124999999999997 0.03498214285714285 0.03623214285714285
06 0.345 0.24812499999999998 0.1399875 0.056237500000000024
