01 0.930625 0.03125 0.03873355263157896 0.024983552631578955
11 0.31937499999999996 0.131875 0.061241610738255015 0.04624161073825504
09 0.903125 0.3 0.13620689655172413 0.05245689655172414
06 0.44625000000000004 0.941875 0.1749944444444445 0.0212444444444444
18 0.886875 0.321875 0.03873809523809513 0.04123809523809524
03 0.884375 0.45562499999999995 0.04124297752808981 0.0912429775280898
03 0.691875 0.933125 0.06124509803921563 0.0737450980392157
12 0.725625 0.06687499999999999 0.10870689655172416 0.05870689655172413
03 0.2575 0.055624999999999994 0.032478448275862104 0.07122844827586207
06 0.6075 0.0875 0.13988636363636364 0.08738636363636364
01 0.08750000000000001 0.7275 0.05498579545454546 0.037485795454545334
20 0.64375 0.885625 0.04996951219512191 0.04871951219512205
03 0.6968749999999999 0.027499999999999997 0.0737321428571428 0.03498214285714285
