03 0.565625 0.19749588815789476 0.023733552631578836 0.017491776315789492
06 0.680625 0.8768750000000001 0.06124161073825485 0.04124161073825483
10 0.8075 0.606875 0.03495689655172418 0.023706896551724088
19 0.52625 0.643125 0.04999444444444445 0.023744444444444457
03 0.35375 0.638125 0.037488095238095265 0.03873809523809524
03 0.35562499999999997 0.746875 0.03624297752808986 0.04874297752808987
10 0.26749999999999996 0.874375 0.02499509803921568 0.023745098039215762
09 0.78 0.18937500000000002 0.049956896551724084 0.03620689655172413
14 0.435 0.801875 0.05997844827586207 0.03122844827586224
03 0.18875 0.22 0.03238636363636366 0.052386363636363675
13 0.039999999999999994 0.6275 0.04748579545454545 0.13748579545454542
07 0.22625 0.24562499999999998 0.082469512195122 0.046219512195121965
19 0.53875 0.936875 0.014982142857142833 0.036232142857142824
