03 0.32125 0.499375 0.039983552631578934 0.033733552631578956
10 0.71 0.88 0.01999161073825484 0.014991610738254835
02 0.871875 0.2425 0.0337068965517241 0.05745689655172412
03 0.89 0.231875 0.02499444444444432 0.04624444444444442
08 0.750625 0.230625 0.028738095238095118 0.018738095238095276
10 0.313125 0.731875 0.053742977528089875 0.04124297752808992
00 0.9768749999999999 0.02 0.026245098039215597 0.024995098039215687
06 0.94 0.90875 0.06995689655172421 0.0649568965517241
03 0.374375 0.31125 0.01372844827586206 0.04247844827586206
20 0.6475 0.608125 0.014886363636363753 0.016136363636363615
03 0.290625 0.15999644886363637 0.041235795454545476 0.012492897727272745
09 0.35062499999999996 0.784375 0.038719512195121986 0.04121951219512199
01 0.9625 0.5800000000000001 0.014982142857142833 0.012482142857142775
08 0.14437499999999998 0.301871875 0.036237500000000006 0.021243750000000006
