15 0.396875 0.27 0.026233552631578894 0.01998355263157897
15 0.5075000000000001 0.035 0.009991610738255052 0.01249161073825503
05 0.36687499999999995 0.6875 0.01870689655172414 0.022456896551724226
08 0.906875 0.4575 0.031244444444444408 0.014994444444444477
19 0.569375 0.86 0.016238095238095274 0.027488095238095145
18 0.5425 0.9312499999999999 0.012492977528089866 0.014992977528089813
08 0.40625 0.5900000000000001 0.024995098039215735 0.022495098039215677
12 0.36812500000000004 0.513125 0.023706896551724144 0.03120689655172415
15 0.313125 0.9568749999999999 0.01372844827586206 0.026228448275862237
17 0.53625 0.7825 0.027386363636363598 0.029886363636363766
