03 0.24812499999999998 0.11375 0.06873355263157896 0.029983552631578952
05 0.8943749999999999 0.5318750000000001 0.038741610738254884 0.021241610738255035
03 0.8356250000000001 0.25375000000000003 0.018706896551724195 0.034956896551724126
03 0.9406263888888889 0.22625 0.05124722222222222 0.04999444444444445
15 0.315625 0.666875 0.021238095238095278 0.023738095238095225
18 0.27749999999999997 0.466875 0.019992977528089872 0.023742977528089848
20 0.553125 0.845 0.0162450980392157 0.014995098039215726
10 0.10125 0.838125 0.027456896551724133 0.02120689655172414
04 0.77875 0.083125 0.032478448275862104 0.021228448275862066
06 0.6131249999999999 0.7918750000000001 0.013636363636363558 0.026136363636363735
