03 0.42500000000000004 0.27249999999999996 0.007483552631578905 0.01998355263157897
04 0.116875 0.279375 0.02374161073825505 0.01624161073825503
05 0.3425 0.09625 0.027456896551724175 0.02495689655172413
20 0.911875 0.953125 0.023744444444444346 0.0212444444444444
03 0.40875 0.39375000000000004 0.017488095238095247 0.01998809523809525
03 0.9849982443820224 0.745625 0.022496488764044975 0.02124297752808979
07 0.079375 0.029375000000000005 0.018745098039215702 0.031245098039215692
20 0.3575 0.50875 0.022456896551724115 0.019956896551724113
03 0.51875 0.5681196120689656 0.024978448275862042 0.01373922413793105
11 0.67875 0.52625 0.024886363636363762 0.019886363636363535
01 0.14250000000000002 0.61 0.01248579545454545 0.012485795454545423
06 0.98 0.505 0.022469512195121943 0.007469512195122041
