00 0.131875 0.1325 0.023733552631578933 0.024983552631578934
11 0.70625 0.33187500000000003 0.034991610738254963 0.02874161073825504
14 0.954375 0.8531249999999999 0.03120689655172415 0.053706896551724115
01 0.965625 0.265625 0.023744444444444346 0.026244444444444404
10 0.238125 0.078125 0.03373809523809529 0.03123809523809523
08 0.428125 0.475 0.018742977528089844 0.04749297752808984
06 0.459375 0.4225 0.023745098039215706 0.032495098039215686
14 0.30125 0.27125 0.022456896551724115 0.02745689655172412
10 0.101875 0.219375 0.026228448275862057 0.02122844827586204
20 0.609375 0.2225 0.033636363636363686 0.029886363636363655
03 0.156875 0.43374999999999997 0.028735795454545493 0.06498579545454547
