03 0.8400000000000001 0.621875 0.022483552631578863 0.04873355263157897
20 0.17875000000000002 0.33 0.022491610738255036 0.01999161073825506
03 0.417510775862069 0.686875 0.019978448275862037 0.04120689655172405
20 0.8625 0.439375 0.017494444444444368 0.016244444444444506
09 0.448125 0.889375 0.026238095238095283 0.028738095238095118
04 0.32125000000000004 0.916875 0.03249297752808983 0.026242977528089906
19 0.54 0.7975 0.024995098039215624 0.027495098039215682
11 0.765625 0.3375 0.028706896551724093 0.02745689655172412
14 0.31937499999999996 0.027499999999999997 0.02622844827586207 0.03747844827586207
08 0.4575 0.9512499999999999 0.0323863636363636 0.022386363636363815
14 0.195625 0.70375 0.02373579545454546 0.029985795454545272
15 0.441875 0.6312500000000001 0.011219512195121961 0.014969512195121992
03 0.7050000000000001 0.905625 0.022482142857142784 0.036232142857142824
03 0.183125 0.51125 0.016237500000000016 0.027487500000000054
