08 0.15625 0.02375 0.012483552631578965 0.029983552631578952
02 0.8625 0.175 0.05499161073825498 0.02749161073825504
03 0.933125 0.66875 0.011206896551724133 0.029956896551724177
15 0.23125 0.82375 0.02499444444444443 0.01499444444444431
03 0.70625 0.041249999999999995 0.019988095238095194 0.03248809523809523
15 0.934375 0.46624999999999994 0.05624297752808982 0.0699929775280898
03 0.85875 0.434375 0.01999509803921562 0.021245098039215704
15 0.44999999999999996 0.79375 0.044956896551724135 0.032456896551724124
09 0.45875 0.9762500000000001 0.019978448275862037 0.02747844827586221
11 0.21375 0.395625 0.02488636363636365 0.03113636363636363
15 0.02 0.948125 0.024985795454545455 0.01873579545454529
03 0.7012499999999999 0.8356250000000001 0.03496951219512201 0.018719512195121912
08 0.8206249999999999 0.39 0.04123214285714283 0.027482142857142844
05 0.6775 0.105 0.027487499999999998 0.017487500000000017
