06 0.9043749999999999 0.4043708881578947 0.05873355263157898 0.04624177631578946
13 0.265 0.454375 0.04999161073825503 0.02874161073825504
15 0.86 0.8325 0.024956896551724173 0.012456896551724106
00 0.23875 0.62 0.027494444444444432 0.02499444444444454
02 0.72125 0.7831250000000001 0.019988095238095194 0.03623809523809507
03 0.621875 0.2025 0.011242977528089892 0.019992977528089845
11 0.85875 0.84875 0.02999509803921563 0.027495098039215682
03 0.869375 0.309375 0.03370689655172421 0.03120689655172415
08 0.921875 0.8031250000000001 0.028728448275862295 0.026228448275862237
09 0.57125 0.734375 0.039886363636363664 0.03613636363636363
