05 0.29874999999999996 0.4075 0.03998355263157899 0.09748355263157887
06 0.20124999999999998 0.369375 0.029991610738255042 0.24124161073825504
06 0.439375 0.858125 0.19870689655172413 0.09370689655172415
14 0.33062500000000006 0.13999999999999999 0.11374444444444448 0.057494444444444445
13 0.4 0.1875 0.16748809523809527 0.11248809523809525
01 0.9199999999999999 0.39312499999999995 0.032492977528089884 0.031242977528089855
03 0.5225 0.3175 0.054995098039215706 0.06749509803921572
09 0.3125 0.08875 0.09995689655172413 0.06495689655172412
04 0.165 0.0925 0.08497844827586205 0.06497844827586208
08 0.23 0.48 0.052386363636363675 0.14488636363636354
10 0.0625 0.5856250000000001 0.07998579545454546 0.06123579545454538
07 0.58125 0.47312499999999996 0.10496951219512196 0.18371951219512195
12 0.6925 0.36125 0.12748214285714288 0.06748214285714282
