19 0.32687499999999997 0.10375000000000001 0.023733552631578947 0.047483552631578954
11 0.84875 0.503125 0.02999161073825496 0.031241610738255043
03 0.689375 0.64625 0.036206896551724155 0.057456896551724146
15 0.6799999999999999 0.474375 0.017494444444444368 0.03874444444444447
15 0.311875 0.08937500000000001 0.03373809523809529 0.05623809523809524
16 0.446875 0.8287500000000001 0.03874297752808986 0.04499297752808984
10 0.120625 0.1725 0.02624509803921568 0.022495098039215705
04 0.6256250000000001 0.37625 0.03120689655172415 0.034956896551724126
03 0.959375 0.8425 0.05122844827586226 0.03747844827586222
15 0.31875 0.41874999999999996 0.037386363636363606 0.009886363636363582
06 0.500625 0.759375 0.02623579545454552 0.026235795454545352
03 0.396875 0.964375 0.01621951219512202 0.033719512195121926
08 0.22125 0.84625 0.03748214285714285 0.029982142857142846
