09 0.411875 0.8143750000000001 0.0912335526315789 0.033733552631578845
14 0.756875 0.955625 0.02374161073825487 0.046241610738254946
01 0.329375 0.43374999999999997 0.04620689655172411 0.03995689655172413
08 0.31000000000000005 0.285625 0.042494444444444446 0.08874444444444449
06 0.51 0.1825 0.04748809523809522 0.01248809523809527
08 0.385 0.266875 0.04249297752808984 0.02624297752808985
20 0.7050000000000001 0.733125 0.042495098039215695 0.04124509803921572
20 0.11499999999999999 0.04312500000000001 0.04745689655172412 0.04870689655172415
20 0.039999999999999994 0.3375 0.05247844827586206 0.04247844827586206
03 0.08875 0.431875 0.06238636363636363 0.0611363636363636
