03 0.169375 0.7806249999999999 0.021233552631578972 0.061233552631578925
13 0.35 0.676875 0.06499161073825505 0.12374161073825496
00 0.125625 0.39249999999999996 0.04120689655172413 0.03995689655172413
03 0.915625 0.218125 0.031244444444444408 0.021244444444444427
12 0.614375 0.419375 0.041238095238095296 0.04373809523809524
18 0.53 0.135 0.029992977528089826 0.0324929775280899
03 0.5118750000000001 0.7875 0.0737450980392157 0.049995098039215646
09 0.35375 0.059375 0.044956896551724135 0.031206896551724143
09 0.11438038793103447 0.8200000000000001 0.06123922413793102 0.04747844827586223
09 0.21 0.7725 0.05738636363636368 0.0648863636363638
14 0.609375 0.81375 0.07123579545454539 0.027485795454545325
12 0.62375 0.595 0.04996951219512202 0.057469512195121975
07 0.15125 0.29874999999999996 0.13248214285714283 0.06998214285714283
03 0.06625 0.859375 0.03748750000000001 0.02123750000000002
