00 0.784375 0.84625 0.07373355263157888 0.0624835526315789
18 0.414375 0.71625 0.04124161073825505 0.042491610738254804
04 0.229375 0.361875 0.06870689655172413 0.043706896551724106
13 0.353125 0.681875 0.03374444444444452 0.18374444444444438
08 0.829375 0.18625 0.03623809523809518 0.01998809523809525
13 0.548125 0.395625 0.17124297752808987 0.19624297752808983
13 0.18562499999999998 0.34062499999999996 0.1312450980392157 0.06624509803921569
20 0.428125 0.295 0.03870689655172416 0.032456896551724124
19 0.11875000000000001 0.43000000000000005 0.029978448275862074 0.03747844827586205
12 0.76 0.825625 0.06488636363636369 0.1111363636363637
01 0.6856249999999999 0.24812499999999998 0.06373579545454533 0.05123579545454546
