20 0.905 0.06125 0.02498355263157892 0.017483552631578962
02 0.11125 0.56375 0.04249161073825505 0.042491610738255026
01 0.546875 0.15625 0.04120689655172405 0.02745689655172412
14 0.47124999999999995 0.496875 0.034994444444444495 0.06374444444444449
09 0.589375 0.6656249999999999 0.026238095238095283 0.0612380952380952
08 0.92625 0.380625 0.02749297752808988 0.01624297752808984
08 0.199375 0.6087487745098039 0.05624509803921568 0.039997549019607836
14 0.744375 0.673125 0.05120689655172406 0.036206896551724155
03 0.80875 0.895625 0.09747844827586216 0.06622844827586216
06 0.3425 0.27125 0.02238636363636365 0.042386363636363666
