03 0.595625 0.669375 0.04623355263157891 0.043733552631578854
14 0.935 0.775625 0.03749161073825491 0.036241610738254826
07 0.619375 0.691875 0.05870689655172412 0.08870689655172415
20 0.529375 0.881875 0.036244444444444524 0.03624444444444441
06 0.548125 0.075625 0.08123809523809522 0.09123809523809523
18 0.490625 0.105625 0.02124297752808979 0.02374297752808989
11 0.7462500000000001 0.309375 0.032495098039215686 0.03374509803921566
06 0.12437500000000001 0.525 0.00370689655172414 0.10245689655172413
03 0.396875 0.024999999999999998 0.0612284482758621 0.034978448275862065
00 0.41812499999999997 0.53125 0.018636363636363618 0.014886363636363642
13 0.39937500000000004 0.398125 0.11873579545454543 0.026235795454545463
03 0.470625 0.8631249999999999 0.04121951219512199 0.07621951219512202
02 0.446875 0.271875 0.036232142857142824 0.05123214285714281
