18 0.905 0.250625 0.017483552631578858 0.021233552631578972
20 0.8106249999999999 0.94125 0.026241610738254928 0.022491610738254897
11 0.048125 0.36875 0.02870689655172414 0.032456896551724124
03 0.809375 0.22125 0.023744444444444346 0.039994444444444444
14 0.495625 0.3075 0.021238095238095278 0.027488095238095256
03 0.52875 0.258125 0.049992977528089955 0.01374297752808984
07 0.5643750000000001 0.81 0.06124509803921574 0.022495098039215677
18 0.08937500000000001 0.6399999999999999 0.018706896551724125 0.022456896551724115
03 0.310625 0.396875 0.02372844827586207 0.038728448275862026
07 0.37997159090909094 0.4 0.05744318181818181 0.037386363636363606
