07 0.5462499999999999 0.62625 0.019983552631578916 0.05998355263157895
03 0.38125 0.029375 0.01749161073825506 0.023741610738255033
08 0.165 0.17375000000000002 0.04745689655172414 0.024956896551724145
12 0.294375 0.598125 0.04124444444444442 0.04624444444444453
08 0.2731279761904762 0.65875 0.028744047619047586 0.04748809523809516
03 0.7831250000000001 0.6175 0.04624297752808981 0.049992977528089844
03 0.84875 0.715 0.024995098039215735 0.049995098039215646
08 0.8525 0.1225 0.05245689655172414 0.04745689655172414
03 0.09 0.77125 0.04247844827586206 0.04747844827586212
12 0.78 0.580625 0.03488636363636377 0.03863636363636369
03 0.16062500000000002 0.594375 0.018735795454545484 0.02123579545454546
20 0.740625 0.27625 0.028719512195122032 0.027469512195121948
06 0.5437544642857143 0.56375 0.05749107142857146 0.08998214285714279
