05 0.421875 0.414375 0.051233552631578916 0.04123355263157891
06 0.0325 0.29375 0.05749161073825503 0.06249161073825504
05 0.78625 0.0775 0.049956896551724084 0.037456896551724135
04 0.525625 0.823125 0.051244444444444426 0.04124444444444442
09 0.729375 0.7925 0.05123809523809508 0.10498809523809516
18 0.975625 0.6993750000000001 0.028742977528089853 0.03124297752808991
03 0.114375 0.0225 0.058745098039215696 0.02749509803921569
03 0.11374999999999999 0.5081249999999999 0.059956896551724134 0.023706896551724088
04 0.5449999999999999 0.47 0.047478448275862006 0.03997844827586211
18 0.605 0.0825 0.03488636363636366 0.037386363636363634
