03 0.721875 0.6481250000000001 0.04623355263157891 0.018733552631578942
03 0.304375 0.699375 0.056241610738255066 0.04374161073825489
14 0.4175 0.22375 0.03745689655172413 0.034956896551724126
01 0.36375 0.46375 0.024994444444444486 0.02499444444444454
18 0.9381250000000001 0.444375 0.023738095238095114 0.026238095238095283
03 0.41625 0.249375 0.029992977528089826 0.04874297752808987
20 0.62375 0.3375 0.01999509803921573 0.01499509803921567
06 0.43625 0.610625 0.02245689655172417 0.09120689655172409
03 0.53625 0.789375 0.024978448275862153 0.06372844827586222
04 0.65125 0.763125 0.03488636363636366 0.028636363636363682
04 0.40375 0.399375 0.03248579545454544 0.026235795454545463
10 0.5118750000000001 0.29312499999999997 0.023719512195122028 0.021219512195122026
07 0.619375 0.67125 0.036232142857142824 0.04998214285714275
