01 0.526875 0.60625 0.026233552631578894 0.019983552631578916
06 0.521875 0.5137499999999999 0.01624161073825503 0.02999161073825507
05 0.885 0.27249999999999996 0.022456896551724115 0.02995689655172412
03 0.356875 0.32562500000000005 0.03874444444444447 0.031244444444444464
03 0.17875 0.47 0.029988095238095258 0.01998809523809525
03 0.608125 0.4 0.043742977528089866 0.034992977528089886
07 0.69375 0.018125000000000002 0.027495098039215682 0.01124509803921569
09 0.82875 0.021249999999999995 0.03495689655172418 0.03995689655172413
03 0.91875 0.215625 0.03747844827586222 0.02372844827586207
20 0.774375 0.65625 0.018636363636363673 0.014886363636363642
