20 0.299375 0.015625 0.033733552631578956 0.021233552631578945
00 0.59875 0.7324999999999999 0.03249161073825513 0.029991610738254848
18 0.38187499999999996 0.910625 0.02620689655172409 0.028706896551724093
20 0.21875 0.318125 0.014994444444444421 0.011244444444444446
10 0.7931250000000001 0.18312499999999998 0.03373809523809512 0.028738095238095257
09 0.123125 0.6425000000000001 0.03874297752808989 0.04249297752808989
11 0.121875 0.690625 0.03374509803921569 0.036245098039215606
01 0.205625 0.21625 0.02120689655172414 0.014956896551724108
08 0.446875 0.728125 0.016228448275862062 0.01372844827586217
15 0.108125 0.588125 0.028636363636363626 0.061136363636363544
12 0.48874999999999996 0.3125 0.037485795454545445 0.0399857954545455
01 0.9475 0.7081249999999999 0.03746951219512207 0.026219512195121975
08 0.43000000000000005 0.4 0.01248214285714283 0.019982142857142837
