08 0.441875 0.24375 0.06373355263157893 0.01998355263157897
03 0.836875 0.909375 0.021241610738254924 0.0537416107382549
03 0.811875 0.928125 0.036206896551724155 0.04870689655172411
06 0.43875 0.135 0.052494444444444455 0.13749444444444445
03 0.5237499999999999 0.43500000000000005 0.037488095238095265 0.04498809523809527
15 0.108125 0.9593750000000001 0.021242977528089887 0.023742977528089848
20 0.19625 0.8125 0.03499509803921569 0.02249509803921579
01 0.305 0.785 0.019956896551724168 0.014956896551724164
07 0.126875 0.76875 0.023728448275862055 0.09497844827586222
14 0.228125 0.7375 0.018636363636363673 0.04238636363636372
17 0.534375 0.7693749999999999 0.051235795454545485 0.05623579545454527
04 0.318125 0.495 0.03371951219512198 0.03246951219512195
14 0.7875 0.254375 0.02748214285714279 0.023732142857142813
