13 0.626875 0.61375 0.07873355263157888 0.1199835526315789
20 0.273125 0.493125 0.04124161073825505 0.031241610738255043
14 0.18312499999999998 0.303125 0.056206896551724145 0.05620689655172412
19 0.8512500000000001 0.5075000000000001 0.047494444444444395 0.05499444444444446
09 0.281875 0.195 0.046238095238095245 0.029988095238095258
20 0.12687500000000002 0.190625 0.0487429775280899 0.03374297752808986
20 0.29125 0.27937500000000004 0.022495098039215677 0.023745098039215706
07 0.40125 0.32875 0.057456896551724146 0.032456896551724124
14 0.8512500000000001 0.60625 0.04247844827586211 0.04247844827586211
18 0.745625 0.140625 0.026136363636363735 0.03113636363636363
07 0.175 0.886875 0.10498579545454548 0.09873579545454536
19 0.7793749999999999 0.426875 0.03871951219512193 0.04121951219512199
13 0.8999999999999999 0.286875 0.03248214285714279 0.15873214285714285
07 0.389375 0.39937500000000004 0.058737500000000054 0.023737500000000022
