03 0.7906249999999999 0.8125 0.018733552631578942 0.03498355263157893
09 0.8912500000000001 0.370625 0.0274916107382549 0.01624161073825503
13 0.9337500000000001 0.55 0.05495689655172409 0.02495689655172406
04 0.409375 0.291875 0.03124444444444452 0.02874444444444446
03 0.6143779761904762 0.5706249999999999 0.038744047619047706 0.023738095238095336
20 0.6231249999999999 0.039375 0.026242977528089795 0.02874297752808989
13 0.255 0.424375 0.05499509803921568 0.03624509803921572
08 0.20750000000000002 0.89875 0.08995689655172415 0.03745689655172413
15 0.06125 0.97125 0.03247844827586207 0.0174784482758622
00 0.113125 0.863125 0.023636363636363636 0.02113636363636373
