20 0.951875 0.7275 0.02123355263157889 0.01748355263157897
12 0.07625 0.53625 0.03249161073825504 0.04499161073825508
04 0.714375 0.45999999999999996 0.028706896551724093 0.019956896551724113
10 0.79625 0.929375 0.022494444444444373 0.023744444444444346
03 0.635625 0.6875 0.04373809523809524 0.01248809523809502
19 0.616875 0.03875 0.018742977528089844 0.03749297752808989
03 0.1843737745098039 0.3325 0.03374754901960783 0.019995098039215675
18 0.79 0.46499999999999997 0.01745689655172411 0.019956896551724113
03 0.6 0.204375 0.029978448275862046 0.03872844827586208
06 0.664375 0.21559659090909092 0.05613636363636365 0.02619318181818181
18 0.5349999999999999 0.925625 0.01498579545454548 0.016235795454545343
