18 0.18062499999999998 0.24812499999999998 0.013733552631578966 0.016233552631578968
15 0.41000000000000003 0.68625 0.019991610738255006 0.014991610738254946
03 0.734375 0.235 0.02120689655172403 0.014956896551724136
06 0.085 0.18312499999999998 0.01749444444444445 0.02374444444444443
02 0.600625 0.389375 0.02873809523809523 0.026238095238095227
03 0.20937499999999998 0.4625 0.05374297752808985 0.02999297752808988
13 0.53875 0.493125 0.027495098039215682 0.06374509803921569
04 0.318125 0.501875 0.023706896551724144 0.02620689655172409
03 0.3 0.13125 0.01747844827586209 0.034978448275862065
02 0.9425 0.18375 0.022386363636363704 0.03488636363636366
13 0.6550035511363637 0.311875 0.017492897727272583 0.05373579545454549
03 0.13749999999999998 0.14875 0.029969512195121936 0.07496951219512196
