06 0.8031291118421053 0.39249999999999996 0.05624177631578953 0.03248355263157893
11 0.8525 0.589375 0.0274916107382549 0.018741610738254977
08 0.935 0.83375 0.014956896551724053 0.03745689655172413
00 0.0225 0.6812499999999999 0.029994444444444445 0.027494444444444377
10 0.045625 0.67875 0.021238095238095236 0.019988095238095194
05 0.940625 0.973125 0.01374297752808984 0.036242977528089915
08 0.544376225490196 0.32625000000000004 0.08124754901960785 0.019995098039215675
03 0.33499999999999996 0.6475 0.012456896551724161 0.032456896551724124
15 0.683125 0.973125 0.018728448275862175 0.03872844827586219
02 0.08499999999999999 0.08812500000000001 0.02738636363636364 0.04863636363636363
01 0.6174999999999999 0.505625 0.017485795454545427 0.01623579545454551
08 0.659375 0.659375 0.026219512195121975 0.02871951219512192
01 0.785 0.44625 0.014982142857142833 0.014982142857142833
