10 0.738125 0.931875 0.023733552631578947 0.023733552631578947
04 0.980625 0.524375 0.02374161073825487 0.02624161073825504
08 0.245 0.17375000000000002 0.02995689655172415 0.012456896551724134
04 0.271875 0.815625 0.02624444444444446 0.016244444444444395
06 0.4875 0.044372023809523806 0.009988095238095296 0.08874404761904761
01 0.12375 0.244375 0.022492977528089875 0.026242977528089823
03 0.075625 0.9125000000000001 0.013745098039215697 0.01999509803921573
19 0.270625 0.057499999999999996 0.026206896551724146 0.03495689655172415
05 0.7850053879310344 0.881875 0.024989224137931143 0.03372844827586219
11 0.20875 0.8175 0.02738636363636368 0.01738636363636381
