04 0.951875 0.69625 0.02123355263157889 0.01748355263157897
12 0.45375 0.98 0.027491610738255068 0.03749161073825491
20 0.46625 0.440625 0.012456896551724106 0.011206896551724133
14 0.35750000000000004 0.759375 0.024994444444444486 0.026244444444444293
15 0.5225 0.32499999999999996 0.0149880952380953 0.01998809523809525
18 0.371875 0.638125 0.01374297752808984 0.016242977528089786
15 0.984375 0.8125 0.0162450980392157 0.03999509803921564
08 0.25625 0.603125 0.024956896551724117 0.018706896551724084
02 0.514375 0.356875 0.01372844827586206 0.03122844827586202
04 0.73125 0.398125 0.022386363636363815 0.023636363636363567
19 0.203125 0.685 0.01123579545454545 0.024985795454545268
03 0.116875 0.9225 0.04371951219512195 0.029969512195122006
03 0.6793750000000001 0.973125 0.028732142857142873 0.02873214285714276
