09 0.678125 0.278125 0.02873355263157884 0.043733552631578965
03 0.188125 0.28875 0.05124161073825503 0.042491610738255026
11 0.239375 0.848125 0.043706896551724134 0.036206896551724155
06 0.30625 0.375 0.0424944444444445 0.09499444444444449
15 0.20687499999999998 0.430625 0.08873809523809525 0.07873809523809527
03 0.73375 0.43625 0.029992977528089826 0.07999297752808981
12 0.59 0.58375 0.049995098039215646 0.07249509803921561
12 0.555625 0.114375 0.046206896551724164 0.07370689655172415
03 0.175 0.8218749999999999 0.03997844827586208 0.03872844827586219
03 0.151875 0.5925 0.04613636363636364 0.027386363636363598
03 0.25812144886363636 0.88375 0.051242897727272724 0.027485795454545325
03 0.058124999999999996 0.6487499999999999 0.03621951219512195 0.05996951219512192
13 0.638125 0.44125000000000003 0.061232142857142846 0.06748214285714288
