18 0.37 0.06125 0.009983552631578907 0.012483552631578958
13 0.42125 0.05875 0.05999161073825504 0.029991610738255035
12 0.923125 0.39625 0.0387068965517241 0.03995689655172413
04 0.7424999999999999 0.045625 0.017494444444444368 0.011244444444444446
09 0.72125 0.29000000000000004 0.029988095238095203 0.03498809523809526
02 0.47124824438202245 0.4775 0.019996488764044917 0.012492977528089866
15 0.343125 0.39875000000000005 0.011245098039215695 0.02499509803921568
14 0.9 0.18875 0.01745689655172411 0.02745689655172412
04 0.99125 0.5449999999999999 0.012478448275862197 0.014978448275862033
06 0.5662215909090909 0.33375 0.009943181818181768 0.027386363636363598
05 0.91875 0.425 0.012485795454545312 0.027485795454545436
20 0.844375 0.084375 0.018719512195122023 0.018719512195121954
16 0.818125 0.40249999999999997 0.02123214285714292 0.027482142857142844
01 0.5862499999999999 0.068125 0.014987500000000042 0.016237499999999995
