04 0.374375 0.6643749999999999 0.07123355263157888 0.05623355263157881
18 0.878125 0.138125 0.05124161073825484 0.05374161073825505
01 0.924375 0.725625 0.03870689655172421 0.03120689655172415
04 0.848125 0.724375 0.07624444444444434 0.061244444444444435
15 0.365625 0.3225 0.06873809523809526 0.12498809523809529
11 0.1325 0.29125 0.06499297752808988 0.062492977528089855
03 0.09937499999999999 0.8987499999999999 0.09124509803921568 0.059995098039215766
12 0.801875 0.114375 0.14120689655172414 0.07120689655172414
00 0.53625 0.051250000000000004 0.05247844827586201 0.04247844827586207
03 0.923125 0.70625 0.0486363636363637 0.1573863636363637
03 0.426875 0.34187500000000004 0.058735795454545436 0.07623579545454545
06 0.909375 0.723125 0.16371951219512193 0.026219512195121975
06 0.29000000000000004 0.63 0.17248214285714286 0.17998214285714287
