09 0.345 0.433125 0.062483552631578954 0.04123355263157891
08 0.755 0.73875 0.032491610738254906 0.014991610738254835
12 0.51 0.151875 0.07495689655172416 0.07370689655172415
19 0.506875 0.39749999999999996 0.02124444444444451 0.0399944444444445
06 0.308125 0.485625 0.08123809523809528 0.05373809523809525
03 0.06437499999999999 0.621875 0.06374297752808988 0.028742977528089853
03 0.14125 0.49375 0.04999509803921569 0.0499950980392157
03 0.379375 0.70625 0.028706896551724148 0.08495689655172411
13 0.369375 0.595625 0.08122844827586206 0.05122844827586204
02 0.583125 0.273125 0.02113636363636351 0.08113636363636367
