10 0.2875 0.345 0.02998355263157898 0.024983552631578865
04 0.5862499999999999 0.165 0.027491610738255123 0.01749161073825506
07 0.4775 0.423125 0.02745689655172412 0.04370689655172416
03 0.631875 0.8206236111111112 0.023744444444444346 0.013747222222222244
10 0.85625 0.17625000000000002 0.019988095238095194 0.02248809523809528
18 0.1725 0.40375 0.017492977528089843 0.019992977528089817
01 0.149375 0.8600000000000001 0.011245098039215695 0.012495098039215669
02 0.321875 0.9143749999999999 0.028706896551724148 0.04870689655172422
17 0.743125 0.545625 0.036228448275862246 0.036228448275862024
15 0.48250000000000004 0.511875 0.03738636363636366 0.03363636363636363
18 0.20625 0.1525 0.019985795454545457 0.022485795454545487
