07 0.934375 0.259375 0.0362335526315789 0.07873355263157894
01 0.145625 0.5218750000000001 0.04624161073825506 0.04124161073825505
01 0.2975 0.821875 0.044956896551724135 0.028706896551724093
03 0.3325 0.784375 0.1624944444444445 0.06374444444444427
02 0.6031220238095238 0.40375 0.07374404761904763 0.0824880952380953
05 0.22375 0.1375 0.06499297752808986 0.06249297752808988
03 0.7618750000000001 0.60625 0.06124509803921574 0.09999509803921569
03 0.5449999999999999 0.16499999999999998 0.05495689655172409 0.05745689655172412
03 0.2293803879310345 0.6937500000000001 0.03373922413793104 0.06747844827586225
08 0.12625 0.365 0.08988636363636364 0.06238636363636363
