08 0.83375 0.826875 0.012483552631578965 0.026233552631578894
18 0.611875 0.14 0.03374161073825499 0.03499161073825505
10 0.078125 0.895 0.036206896551724134 0.02745689655172412
15 0.08687500000000001 0.510625 0.06124444444444445 0.05124444444444448
12 0.915625 0.604375 0.058738095238095145 0.06373809523809526
06 0.289375 0.35562499999999997 0.15624297752808988 0.12374297752808988
20 0.956875 0.838125 0.02624509803921571 0.018745098039215646
08 0.404375 0.7593749999999999 0.03120689655172415 0.0337068965517241
11 0.928125 0.18375 0.05622844827586215 0.052478448275862066
10 0.07 0.285 0.054886363636363636 0.039886363636363664
06 0.224375 0.806875 0.10373579545454548 0.13623579545454534
10 0.0325 0.824375 0.03746951219512195 0.03121951219512198
