08 0.05625 0.09875 0.03998355263157895 0.062483552631578954
12 0.8343750000000001 0.46625 0.07874161073825492 0.06249161073825504
08 0.6925 0.75 0.08245689655172406 0.02745689655172412
08 0.525625 0.7168749999999999 0.016244444444444506 0.06874444444444439
10 0.8975 0.93375 0.037488095238095154 0.037488095238095154
06 0.95375 0.250625 0.01749297752808987 0.05374297752808985
10 0.81125 0.433125 0.042495098039215695 0.03624509803921566
03 0.39437500000000003 0.7825 0.0362068965517241 0.08745689655172417
03 0.21187499999999998 0.56 0.05622844827586207 0.03497844827586205
08 0.2125 0.876875 0.039886363636363664 0.04113636363636375
18 0.798125 0.9143749999999999 0.031235795454545356 0.031235795454545356
