09 0.22875 0.9450000000000001 0.022483552631578974 0.03498355263157882
03 0.12937500000000002 0.901875 0.011241610738255053 0.018741610738254977
15 0.07186422413793103 0.46625 0.016228448275862076 0.012456896551724106
04 0.55375 0.69625 0.039994444444444555 0.03249444444444438
06 0.45375 0.5800000000000001 0.014988095238095245 0.03498809523809532
07 0.59875 0.8131250000000001 0.03249297752808977 0.12874297752808983
20 0.95875 0.9212499999999999 0.01249509803921578 0.012495098039215669
04 0.271875 0.7324999999999999 0.031206896551724095 0.032456896551724124
04 0.8831249999999999 0.9293750000000001 0.0337284482758623 0.021228448275862122
15 0.14687500000000003 0.230625 0.031136363636363656 0.05863636363636365
12 0.538125 0.873125 0.023735795454545516 0.026235795454545352
04 0.33999999999999997 0.6912499999999999 0.01996951219512194 0.014969512195121992
06 0.355 0.19874999999999998 0.06748214285714282 0.03248214285714282
