09 0.275 0.674375 0.044983552631578994 0.03873355263157896
03 0.37375 0.6725000000000001 0.02499161073825501 0.0274916107382549
03 0.7250000000000001 0.341875 0.022456896551724115 0.03120689655172415
03 0.125 0.42125 0.052494444444444455 0.04999444444444451
20 0.495 0.330625 0.02748809523809531 0.026238095238095283
03 0.456875 0.7875000000000001 0.03374297752808986 0.04249297752808989
19 0.47875 0.22562500000000002 0.022495098039215677 0.028745098039215683
06 0.1725 0.385 0.042456896551724105 0.05245689655172414
13 0.436875 0.08499999999999999 0.061228448275862046 0.05247844827586206
02 0.445625 0.27375 0.02863636363636357 0.022386363636363704
03 0.6375 0.57125 0.029985795454545383 0.022485795454545432
11 0.90875 0.8787499999999999 0.029969512195121895 0.01746951219512194
08 0.341875 0.1975 0.04623214285714283 0.02498214285714284
15 0.15375 0.145 0.022487499999999994 0.03748750000000001
