20 0.42937499999999995 0.405 0.04373355263157891 0.027483552631578922
06 0.46249999999999997 0.18 0.15749161073825502 0.01999161073825506
20 0.443125 0.19937500000000002 0.0337068965517241 0.033706896551724125
03 0.06937499999999999 0.255 0.07624444444444445 0.07499444444444439
05 0.4925 0.708125 0.06998809523809524 0.041238095238095074
03 0.13374999999999998 0.265 0.07749297752808985 0.10499297752808984
00 0.395625 0.753125 0.06374509803921569 0.06624509803921563
08 0.589375 0.714375 0.016206896551724137 0.03120689655172415
20 0.5700000000000001 0.14375 0.032478448275862104 0.029978448275862074
18 0.4525 0.660625 0.04238636363636361 0.043636363636363695
