18 0.17375000000000002 0.5218750000000001 0.017483552631578997 0.018733552631578942
04 0.05625 0.874375 0.03249161073825503 0.031241610738254932
02 0.746875 0.17062500000000003 0.0337068965517241 0.03620689655172413
01 0.830625 0.74875 0.031244444444444297 0.027494444444444377
06 0.82375 0.0925 0.07748809523809519 0.044988095238095244
08 0.08625 0.10874999999999999 0.02249297752808989 0.039992977528089876
11 0.185 0.21125 0.027495098039215682 0.019995098039215703
14 0.40249999999999997 0.60375 0.044956896551724135 0.024956896551724173
12 0.150625 0.1625 0.03622844827586205 0.04497844827586206
11 0.7025 0.54625 0.02738636363636382 0.027386363636363598
18 0.6737500000000001 0.9768749999999999 0.02248579545454532 0.02623579545454524
05 0.14375 0.441875 0.024969512195121946 0.028719512195121977
09 0.083125 0.619375 0.031232142857142847 0.03373214285714288
