12 0.07125000000000001 0.25875000000000004 0.07248355263157895 0.03998355263157899
08 0.41625 0.88375 0.04749161073825503 0.042491610738254915
20 0.780625 0.11374999999999999 0.018706896551724084 0.014956896551724122
18 0.565625 0.235 0.02124444444444451 0.024994444444444402
01 0.40312499999999996 0.05 0.03373809523809529 0.029988095238095237
07 0.7 0.685625 0.14999297752808982 0.05874297752808988
08 0.9018762254901961 0.7125 0.0312475490196078 0.0474950980392157
20 0.619375 0.611875 0.02120689655172414 0.018706896551724195
02 0.29811961206896553 0.8125 0.02623922413793106 0.042478448275862224
03 0.7481249999999999 0.62875 0.053636363636363815 0.02488636363636365
07 0.388125 0.486875 0.08373579545454546 0.04873579545454543
07 0.6112500000000001 0.595 0.047469512195121966 0.04496951219512202
08 0.7275 0.60625 0.014982142857142833 0.05998214285714287
