06 0.965 0.738125 0.037483552631578876 0.08623355263157895
06 0.6175020973154363 0.50625 0.044995805369127506 0.08499161073825506
17 0.563125 0.7106250000000001 0.026206896551724146 0.03120689655172415
08 0.840626388888889 0.815 0.031247222222222093 0.02249444444444426
18 0.390625 0.370625 0.01873809523809522 0.021238095238095278
01 0.7418750000000001 0.3 0.011242977528089892 0.007492977528089861
07 0.21812499999999999 0.5787500000000001 0.06624509803921569 0.012495098039215669
02 0.8981250000000001 0.343125 0.0337068965517241 0.05870689655172412
06 0.575625 0.84125 0.02372844827586207 0.0174784482758622
19 0.495625 0.196875 0.02863636363636357 0.01613636363636367
