20 0.845 0.64625 0.017483552631578858 0.017483552631578858
18 0.3625 0.436875 0.01999161073825506 0.021241610738255035
03 0.593739224137931 0.21437499999999998 0.029978448275862046 0.01620689655172411
20 0.6287499999999999 0.641875 0.019994444444444537 0.016244444444444506
14 0.901875 0.5925 0.01873809523809511 0.03998809523809532
00 0.7224999999999999 0.16624999999999998 0.02499297752808982 0.024992977528089877
06 0.699375 0.11249999999999999 0.03624509803921572 0.04999509803921569
14 0.375 0.42562500000000003 0.022456896551724115 0.05120689655172411
03 0.535625 0.499375 0.02122844827586201 0.018728448275862064
20 0.06125 0.7075 0.014886363636363635 0.012386363636363695
12 0.1775 0.505625 0.029985795454545466 0.04373579545454542
09 0.918125 0.6956249999999999 0.011219512195121961 0.043719512195122046
18 0.31125 0.3075 0.017482142857142835 0.019982142857142837
13 0.49062500000000003 0.027499999999999997 0.036237500000000034 0.032487499999999996
