03 0.28375 0.586875 0.05998355263157895 0.06623355263157893
02 0.4675 0.22562500000000002 0.06749161073825505 0.08874161073825507
05 0.20375 0.7525 0.04995689655172411 0.029956896551724177
01 0.25875000000000004 0.93625 0.04749444444444445 0.03249444444444438
13 0.21000000000000002 0.7775000000000001 0.06998809523809527 0.11748809523809511
16 0.3875 0.75375 0.06499297752808986 0.06999297752808986
06 0.66375 0.645 0.15249509803921568 0.0474950980392157
04 0.058125 0.14937499999999998 0.03620689655172414 0.031206896551724123
12 0.05499999999999999 0.06875 0.06247844827586207 0.05747844827586206
00 0.3225 0.2725 0.04988636363636362 0.039886363636363664
03 0.30125 0.1925 0.024985795454545434 0.04248579545454545
00 0.639375 0.704375 0.03871951219512193 0.03871951219512193
