08 0.6731291118421052 0.32375 0.01624177631578949 0.012483552631578965
07 0.16312709731543623 0.7875000000000001 0.026245805369127517 0.04749161073825492
03 0.8418749999999999 0.24375000000000002 0.03120689655172415 0.05995689655172412
03 0.185 0.83 0.03249444444444444 0.03249444444444438
10 0.603125 0.74625 0.04373809523809524 0.037488095238095154
20 0.58875 0.946875 0.03499297752808994 0.036242977528089915
04 0.31375 0.815625 0.03499509803921569 0.028745098039215766
13 0.8525 0.07125 0.022456896551724115 0.029956896551724142
03 0.639375 0.47125 0.03122844827586213 0.039978448275862055
03 0.68875 0.18125000000000002 0.09738636363636377 0.15988636363636366
00 0.07125000000000001 0.694375 0.029985795454545452 0.031235795454545356
03 0.7406250000000001 0.18125000000000002 0.03621951219512198 0.06996951219512196
07 0.329375 0.18125000000000002 0.09623214285714282 0.1399821428571429
03 0.66 0.8518749999999999 0.07248750000000004 0.04123749999999993
