05 0.42625 0.126875 0.017483552631578914 0.02123355263157893
20 0.42562500000000003 0.155625 0.018741610738255032 0.01874161073825506
07 0.295625 0.56625 0.0362068965517241 0.01745689655172411
03 0.750625 0.58375 0.016244444444444284 0.039994444444444444
03 0.16375 0.1 0.014988095238095245 0.019988095238095235
06 0.233125 0.043125 0.01374297752808984 0.06374297752808988
08 0.495625 0.494375 0.043745098039215724 0.02124509803921565
07 0.82375 0.765 0.04245689655172413 0.05995689655172409
15 0.680625 0.27749999999999997 0.01372844827586217 0.027478448275862044
03 0.5575 0.97375 0.019886363636363535 0.02738636363636382
