07 0.918125 0.145625 0.07873355263157888 0.02623355263157895
06 0.400625 0.5675 0.09374161073825504 0.17499161073825503
06 0.79375 0.32125 0.1324568965517242 0.09495689655172412
18 0.816875 0.864375 0.04624444444444431 0.04874444444444426
03 0.4125 0.7012499999999999 0.09998809523809526 0.0974880952380951
11 0.55125 0.104375 0.07499297752808987 0.06374297752808988
04 0.6268750000000001 0.526875 0.0737450980392157 0.06374509803921574
20 0.046875 0.72375 0.07620689655172413 0.04745689655172414
20 0.14375 0.7025 0.06997844827586207 0.06497844827586219
03 0.3075 0.819375 0.05238636363636362 0.053636363636363704
13 0.1125 0.521875 0.07998579545454546 0.20873579545454546
