03 0.09375 0.845 0.024983552631578948 0.047483552631578885
01 0.255 0.7593749999999999 0.024991610738255066 0.018741610738254866
18 0.34625 0.5725 0.024956896551724173 0.02745689655172412
20 0.025625000000000002 0.2025 0.033744444444444445 0.037494444444444414
03 0.13 0.58375 0.027488095238095228 0.024988095238095198
18 0.8875 0.4375 0.02499297752808982 0.02749297752808988
11 0.641875 0.49187499999999995 0.04124509803921572 0.026245098039215653
17 0.03125 0.8868750000000001 0.029956896551724142 0.04120689655172416
03 0.675 0.74875 0.0749784482758622 0.024978448275862153
12 0.92125 0.34124999999999994 0.049886363636363784 0.04988636363636362
08 0.83625 0.34687500000000004 0.017485795454545316 0.04873579545454548
