20 0.383125 0.086875 0.026233552631578894 0.021233552631578945
03 0.268125 0.72375 0.023741610738255092 0.04749161073825481
06 0.29000000000000004 0.621875 0.009956896551724104 0.028706896551724204
03 0.49125 0.14750000000000002 0.05249444444444451 0.024994444444444458
03 0.9549970238095238 0.611875 0.0274940476190475 0.01873809523809522
13 0.2225 0.16499999999999998 0.04249297752808984 0.05749297752808988
02 0.41125 0.32375 0.03749509803921569 0.05999509803921571
18 0.484375 0.62 0.02120689655172414 0.022456896551724226
14 0.650625 0.594375 0.011228448275862224 0.03872844827586208
04 0.2825 0.12375 0.03988636363636372 0.032386363636363644
13 0.920625 0.6131249999999999 0.058735795454545325 0.1437357954545454
20 0.5587500000000001 0.701875 0.01746951219512194 0.013719512195122019
11 0.611875 0.30125 0.03123214285714282 0.029982142857142846
08 0.62125 0.694375 0.0324875 0.03123750000000003
