03 0.7593749999999999 0.835 0.031233552631578898 0.027483552631578867
03 0.668125 0.32875 0.03374161073825488 0.024991610738255066
03 0.7693749999999999 0.29125 0.053706896551724115 0.024956896551724117
14 0.1925 0.55 0.03499444444444444 0.019994444444444537
02 0.514375 0.239375 0.021238095238095278 0.031238095238095287
15 0.6487499999999999 0.389375 0.04249297752808989 0.04624297752808987
06 0.45375 0.48875 0.02499509803921568 0.08999509803921568
03 0.34625 0.3025 0.02745689655172412 0.01745689655172411
14 0.566875 0.766875 0.026228448275862126 0.04122844827586225
12 0.6956249999999999 0.6856249999999999 0.06363636363636382 0.04613636363636375
