15 0.21375 0.4325 0.01748355263157897 0.037483552631578876
13 0.55625 0.036875000000000005 0.04749161073825503 0.03374161073825503
01 0.204375 0.580625 0.01870689655172414 0.016206896551724026
15 0.743125 0.40625 0.01874444444444434 0.027494444444444488
03 0.98125 0.4125 0.024988095238095087 0.029988095238095258
15 0.4425 0.21687499999999998 0.012492977528089866 0.023742977528089876
03 0.6050012254901961 0.6956249999999999 0.012497549019607757 0.026245098039215597
13 0.268125 0.954375 0.05870689655172412 0.0337068965517241
04 0.878125 0.634375 0.026228448275862237 0.016228448275862117
07 0.45940340909090915 0.23875000000000002 0.0161931818181818 0.022386363636363676
16 0.40375 0.278125 0.037485795454545445 0.026235795454545463
03 0.31125 0.344375 0.014969512195121937 0.016219512195121966
18 0.42 0.8887499999999999 0.009982142857142828 0.012482142857142775
