08 0.675 0.12062500000000001 0.03748355263157899 0.018733552631578956
09 0.670625 0.28 0.04374161073825489 0.019991610738255006
18 0.055 0.42000000000000004 0.017456896551724152 0.019956896551724113
01 0.541875 0.29625 0.0212444444444444 0.019994444444444426
08 0.0825 0.07125000000000001 0.05248809523809523 0.017488095238095233
03 0.16249999999999998 0.345 0.02499297752808985 0.014992977528089868
03 0.414375 0.9568749999999999 0.02624509803921571 0.07124509803921575
03 0.714375 0.70875 0.07620689655172419 0.05995689655172409
20 0.485625 0.651875 0.023728448275862013 0.02372844827586218
09 0.455 0.9575 0.01738636363636359 0.03738636363636372
13 0.7875 0.6025 0.08998579545454533 0.022485795454545432
11 0.195625 0.328125 0.026219512195121975 0.023719512195122028
04 0.760625 0.24624999999999997 0.03123214285714293 0.024982142857142814
