19 0.80625 0.579375 0.014983552631578911 0.023733552631578947
11 0.19437500000000002 0.313125 0.01874161073825506 0.021241610738255035
03 0.12625 0.7606250000000001 0.032456896551724124 0.011206896551724133
00 0.62875 0.33875 0.014994444444444532 0.009994444444444528
03 0.93125 0.41125 0.017488095238095136 0.017488095238095247
11 0.25125 0.14 0.019992977528089872 0.0199929775280899
06 0.47437377450980395 0.218125 0.018747549019607845 0.0487450980392157
01 0.196875 0.92125 0.013706896551724135 0.01745689655172411
01 0.885 0.08 0.007478448275862193 0.009978448275862056
11 0.663125 0.873125 0.016136363636363726 0.011136363636363722
01 0.21375 0.973125 0.02248579545454546 0.023735795454545294
13 0.068125 0.5325 0.046219512195121944 0.09246951219512195
08 0.459375 0.746875 0.01873214285714281 0.023732142857142757
11 0.135625 0.87375 0.02373750000000001 0.014987500000000042
