03 0.680625 0.86625 0.07123355263157893 0.11498355263157889
03 0.388125 0.935 0.06124161073825507 0.022491610738255008
02 0.431875 0.21187499999999998 0.0387068965517241 0.031206896551724123
03 0.08687638888888889 0.490625 0.013747222222222216 0.03624444444444447
15 0.44937499999999997 0.13624999999999998 0.013738095238095271 0.027488095238095228
08 0.7831267556179775 0.22749824438202246 0.026246488764044895 0.04249648876404494
18 0.49375 0.75875 0.014995098039215726 0.017495098039215673
03 0.2825 0.6243749999999999 0.019956896551724113 0.03120689655172415
03 0.800625 0.625625 0.04122844827586225 0.036228448275862135
10 0.8625 0.35062499999999996 0.02738636363636371 0.018636363636363618
