04 0.16999999999999998 0.2675 0.03748355263157896 0.03248355263157898
07 0.526875 0.5237499999999999 0.04374161073825511 0.024991610738254955
03 0.59875 0.8787499999999999 0.024956896551724173 0.04245689655172413
08 0.495625 0.045 0.051244444444444426 0.032494444444444444
04 0.468125 0.890625 0.03623809523809529 0.03623809523809518
01 0.8375 0.46499999999999997 0.01749297752808987 0.019992977528089872
03 0.35562499999999997 0.71875 0.031245098039215657 0.034995098039215744
14 0.5843750000000001 0.6425000000000001 0.06370689655172412 0.05495689655172409
18 0.464375 0.049374999999999995 0.028728448275862073 0.03122844827586206
02 0.519375 0.351875 0.03613636363636363 0.043636363636363584
07 0.54 0.7050000000000001 0.08498579545454549 0.0649857954545453
14 0.900625 0.879375 0.033719512195121926 0.043719512195121935
18 0.8275 0.11375 0.02498214285714284 0.02748214285714287
