14 0.920625 0.71 0.02123355263157889 0.04498355263157894
00 0.14375 0.97875 0.02749161073825504 0.01999161073825495
03 0.9456249999999999 0.353125 0.011206896551724133 0.021206896551724086
14 0.9612499999999999 0.5156236111111111 0.02499444444444443 0.02624722222222231
08 0.665 0.7375 0.04248809523809516 0.014988095238095078
03 0.5081249999999999 0.594375 0.026242977528089795 0.03874297752808986
11 0.09062500000000001 0.8356250000000001 0.026245098039215695 0.028745098039215766
03 0.31437499999999996 0.44499999999999995 0.07620689655172413 0.034956896551724126
14 0.943125 0.665 0.03122844827586224 0.04497844827586217
16 0.754375 0.8674999999999999 0.028636363636363793 0.039886363636363664
