20 0.470625 0.238125 0.031233552631578898 0.028733552631579007
03 0.2 0.889375 0.07249161073825505 0.031241610738254932
02 0.6225 0.786875 0.059956896551724204 0.03120689655172404
13 0.3375 0.80375 0.024994444444444486 0.08249444444444431
03 0.28875 0.880625 0.037488095238095265 0.09123809523809512
10 0.741875 0.91125 0.018742977528089844 0.019992977528089817
03 0.8887499999999999 0.29500000000000004 0.04499509803921564 0.07749509803921567
10 0.8756250000000001 0.5625 0.043706896551724106 0.032456896551724235
06 0.255 0.42125 0.16747844827586203 0.039978448275862055
06 0.180625 0.063125 0.048636363636363644 0.11613636363636363
01 0.875625 0.380625 0.0287357954545453 0.018735795454545456
04 0.671875 0.8968750000000001 0.04621951219512188 0.026219512195121975
