03 0.9412499999999999 0.56 0.03248355263157887 0.02498355263157881
01 0.8375 0.09625 0.024991610738254844 0.014991610738255057
13 0.32999999999999996 0.124375 0.034956896551724126 0.04870689655172414
08 0.020624999999999998 0.203125 0.016244444444444443 0.04624444444444442
01 0.816875 0.15812500000000002 0.01873809523809511 0.02123809523809525
08 0.7593749999999999 0.521875 0.043742977528089866 0.026242977528089906
14 0.9762500000000001 0.5425 0.017495098039215784 0.04499509803921575
05 0.915 0.42562500000000003 0.029956896551724177 0.028706896551724148
15 0.514375 0.8025 0.026228448275862015 0.059978448275862295
07 0.3125 0.885625 0.04988636363636362 0.011136363636363722
13 0.13874999999999998 0.08937500000000001 0.039985795454545475 0.02873579545454545
03 0.46062499999999995 0.50875 0.028719512195121977 0.034969512195121955
