03 0.855 0.475625 0.009983552631578907 0.0362335526315789
06 0.684375 0.553125 0.018741610738254866 0.111241610738255
05 0.159375 0.7875 0.023706896551724116 0.024956896551724173
20 0.479375 0.26625 0.02874444444444446 0.027494444444444432
04 0.135 0.32 0.02998809523809523 0.03248809523809526
04 0.41375 0.37875000000000003 0.02749297752808988 0.024992977528089877
00 0.22625 0.4425 0.03499509803921569 0.022495098039215677
03 0.04875 0.9575 0.029956896551724142 0.014956896551724164
18 0.45687500000000003 0.0325 0.021228448275862066 0.02247844827586207
04 0.44437499999999996 0.35562499999999997 0.02613636363636357 0.02613636363636357
04 0.6581250000000001 0.5075 0.023735795454545294 0.01998579545454543
06 0.895 0.105625 0.06746951219512198 0.011219512195121947
09 0.910625 0.579375 0.03873214285714277 0.04873214285714278
11 0.295 0.395 0.027487499999999998 0.024987499999999996
