03 0.26625 0.9606250000000001 0.022483552631578974 0.023733552631578836
00 0.16125 0.875 0.022491610738255063 0.01999161073825495
03 0.8418749999999999 0.13 0.02120689655172414 0.02245689655172413
08 0.514375 0.459375 0.04124444444444447 0.04624444444444448
10 0.156875 0.406875 0.02123809523809525 0.021238095238095278
07 0.035 0.41000000000000003 0.007492977528089882 0.03999297752808989
07 0.865 0.471875 0.017495098039215673 0.03374509803921566
03 0.4375 0.819375 0.09745689655172418 0.06870689655172413
08 0.09812499999999999 0.38812500000000005 0.03122844827586206 0.016228448275862062
11 0.7662500000000001 0.80625 0.024886363636363762 0.022386363636363704
10 0.73375 0.811875 0.019985795454545263 0.023735795454545405
