11 0.625625 0.385625 0.023733552631578947 0.02123355263157889
11 0.5462499999999999 0.71875 0.01999161073825506 0.017491610738255003
03 0.2475 0.06812499999999999 0.024956896551724145 0.043706896551724134
19 0.796875 0.083125 0.016244444444444284 0.02874444444444446
03 0.8325 0.8887499999999999 0.024988095238095198 0.014988095238095078
06 0.258125 0.5800000000000001 0.031242977528089882 0.02499297752808982
00 0.37124999999999997 0.156875 0.027495098039215737 0.018745098039215674
03 0.8356250000000001 0.864375 0.01370689655172408 0.0237068965517242
05 0.075 0.561875 0.017478448275862063 0.028728448275862073
11 0.66125 0.1775 0.022386363636363704 0.017386363636363672
11 0.388125 0.14 0.02123579545454546 0.027485795454545464
20 0.79375 0.535625 0.014969512195121992 0.016219512195121966
06 0.08125446428571428 0.104375 0.01249107142857142 0.011232142857142871
