19 0.410625 0.38375 0.0362335526315789 0.019983552631578916
15 0.6087499999999999 0.8131250000000001 0.06249161073825504 0.038741610738254884
18 0.245 0.255 0.02995689655172415 0.032456896551724124
07 0.05937500000000001 0.29374999999999996 0.07374444444444446 0.022494444444444428
06 0.83875 0.503125 0.03248809523809504 0.14873809523809528
12 0.308125 0.29625 0.06624297752808989 0.06749297752808986
13 0.490625 0.155625 0.06374509803921574 0.0462450980392157
09 0.454375 0.275 0.01870689655172414 0.05995689655172412
11 0.35562499999999997 0.649375 0.038728448275862026 0.028728448275862073
12 0.7 0.8943749999999999 0.0748863636363638 0.05863636363636371
03 0.8268785511363637 0.24375000000000002 0.046242897727272636 0.027485795454545464
06 0.713125 0.320625 0.008719512195122014 0.03621951219512198
