12 0.07749999999999999 0.15500000000000003 0.037483552631578945 0.03998355263157896
04 0.015 0.45687500000000003 0.02499161073825503 0.02124161073825509
03 0.125625 0.374375 0.013706896551724121 0.03120689655172415
13 0.2025 0.735 0.014994444444444449 0.06499444444444435
11 0.901875 0.5862499999999999 0.023738095238095114 0.02498809523809531
03 0.526875 0.161875 0.026242977528089906 0.018742977528089844
09 0.10062499999999999 0.499375 0.0337450980392157 0.04374509803921561
20 0.62625 0.900625 0.022456896551724115 0.016206896551724137
03 0.02749461206896552 0.625 0.02498922413793104 0.019978448275862037
03 0.04625 0.18875 0.059886363636363626 0.02488636363636365
02 0.24625 0.743125 0.024985795454545434 0.04623579545454526
03 0.04625 0.89875 0.017469512195121946 0.05246951219512197
08 0.620625 0.134375 0.036232142857142824 0.01373214285714286
09 0.35 0.786875 0.03748750000000001 0.033737499999999976
