03 0.563125 0.64375 0.033733552631578956 0.014983552631578911
15 0.9275 0.060625 0.03499161073825485 0.03374161073825504
12 0.06687499999999999 0.3625 0.028706896551724134 0.032456896551724124
15 0.10375000000000001 0.6637500000000001 0.04249444444444446 0.014994444444444421
04 0.48375 0.49625 0.024988095238095254 0.02498809523809531
18 0.06937499999999999 0.473125 0.016242977528089883 0.018742977528089844
18 0.8768750000000001 0.846875 0.013745098039215642 0.0162450980392157
14 0.02375 0.063125 0.012456896551724137 0.023706896551724144
20 0.3125 0.075 0.01747844827586209 0.017478448275862063
06 0.360625 0.364375 0.05363636363636365 0.03113636363636363
