10 0.286875 0.73875 0.021233552631579 0.019983552631578916
14 0.04375 0.15999999999999998 0.03249161073825503 0.03749161073825505
03 0.8356250000000001 0.535 0.018706896551724195 0.02745689655172412
03 0.6343749999999999 0.46375 0.02124444444444451 0.02999444444444449
19 0.1775 0.013749999999999998 0.009988095238095268 0.027488095238095235
13 0.54125 0.275 0.05249297752808979 0.05749297752808985
12 0.9175 0.515 0.04499509803921575 0.04249509803921564
07 0.9081250000000001 0.390625 0.008706896551724186 0.043706896551724106
00 0.65375 0.8825 0.022478448275862206 0.022478448275862206
03 0.505 0.7931250000000001 0.02488636363636365 0.036136363636363744
