03 0.5125 0.8981250000000001 0.01748355263157897 0.02123355263157889
20 0.806875 0.77875 0.02374161073825487 0.01999161073825484
02 0.429375 0.7887500000000001 0.028706896551724093 0.014956896551724053
09 0.921875 0.6412499999999999 0.02874444444444446 0.014994444444444421
04 0.549375 0.291875 0.031238095238095176 0.026238095238095283
06 0.065625 0.328125 0.03374297752808989 0.016242977528089897
20 0.78125 0.90875 0.014995098039215726 0.012495098039215669
00 0.6325000000000001 0.33125000000000004 0.022456896551724115 0.014956896551724108
14 0.23125 0.335625 0.022478448275862067 0.04872844827586209
11 0.68875 0.5743750000000001 0.02738636363636371 0.03113636363636363
06 0.7150000000000001 0.63625 0.11498579545454535 0.029985795454545383
06 0.08625 0.36312500000000003 0.01496951219512195 0.023719512195121972
