14 0.44875 0.090625 0.03998355263157888 0.02873355263157895
03 0.698125 0.37875000000000003 0.056241610738254844 0.03249161073825507
08 0.338125 0.35250000000000004 0.026206896551724146 0.08745689655172412
11 0.836875 0.789375 0.04874444444444437 0.033744444444444355
03 0.7775000000000001 0.71375 0.05248809523809517 0.07998809523809514
18 0.23375 0.258125 0.029992977528089854 0.031242977528089882
11 0.93625 0.6499999999999999 0.04499509803921564 0.042495098039215695
03 0.115625 0.475 0.05370689655172413 0.07995689655172411
02 0.3781303879310345 0.604375 0.11873922413793103 0.036228448275862135
14 0.18937500000000002 0.5975 0.026136363636363652 0.07988636363636359
12 0.1975 0.160625 0.07498579545454545 0.09373579545454545
