18 0.403125 0.910625 0.016233552631578885 0.01873355263157883
18 0.501875 0.255625 0.016241610738254975 0.01874161073825506
06 0.070625 0.39311422413793107 0.06370689655172414 0.058728448275862044
07 0.249375 0.685 0.031244444444444436 0.009994444444444306
13 0.9375 0.249375 0.02998809523809509 0.07373809523809527
20 0.39875 0.3675 0.02749297752808988 0.022492977528089875
20 0.875 0.986875 0.017495098039215673 0.013745098039215642
09 0.089375 0.933125 0.023706896551724144 0.0237068965517242
02 0.790625 0.7418750000000001 0.011228448275862224 0.021228448275862122
10 0.865625 0.919375 0.018636363636363784 0.01363636363636378
06 0.395 0.05749644886363636 0.05498579545454546 0.04249289772727272
