10 0.275625 0.665 0.013733552631578938 0.01748355263157897
03 0.209375 0.055625 0.03874161073825505 0.026241610738255025
11 0.588125 0.304375 0.026206896551724146 0.023706896551724088
10 0.4575 0.4825 0.01999444444444448 0.022494444444444484
14 0.22999999999999998 0.44875 0.02498809523809528 0.03248809523809526
20 0.060625 0.48875 0.023742977528089897 0.019992977528089872
12 0.49375 0.69625 0.034995098039215744 0.059995098039215655
12 0.7150000000000001 0.711875 0.029956896551724177 0.03120689655172415
03 0.265625 0.765625 0.028728448275862073 0.0437284482758622
03 0.389375 0.7206250000000001 0.02613636363636357 0.05863636363636371
18 0.6131249999999999 0.723125 0.013735795454545507 0.016235795454545343
03 0.2025 0.985625 0.00996951219512196 0.023719512195122028
03 0.174375 0.1275 0.03373214285714285 0.03748214285714287
