03 0.29625 0.628125 0.03998355263157899 0.026233552631578894
03 0.786875 0.334375 0.04874161073825489 0.08374161073825509
20 0.065 0.593125 0.04245689655172414 0.04120689655172405
08 0.12875 0.90375 0.037494444444444455 0.04249444444444428
15 0.10875 0.25125000000000003 0.014988095238095245 0.03748809523809529
09 0.495625 0.0775 0.04124297752808981 0.02999297752808988
20 0.856875 0.813125 0.02374509803921565 0.023745098039215762
02 0.68625 0.869375 0.04745689655172414 0.03370689655172421
05 0.21375 0.938125 0.04497844827586206 0.026228448275862126
09 0.9125 0.6956249999999999 0.029886363636363766 0.04613636363636375
04 0.96875 0.6456249999999999 0.044985795454545396 0.03873579545454542
