05 0.849375 0.9493750000000001 0.02123355263157889 0.031233552631578898
08 0.169375 0.465625 0.023741610738255037 0.04124161073825505
03 0.3025 0.509375 0.07245689655172416 0.018706896551724084
03 0.3375 0.4275 0.04999444444444445 0.01999444444444448
20 0.579375 0.870625 0.016238095238095274 0.013738095238095105
10 0.23875000000000002 0.8087500000000001 0.022492977528089847 0.02499297752808982
04 0.586875 0.413125 0.028745098039215655 0.0162450980392157
03 0.16062500000000002 0.315 0.026206896551724118 0.02745689655172412
13 0.379375 0.7887500000000001 0.19122844827586205 0.05747844827586224
18 0.53125 0.18125000000000002 0.019886363636363535 0.022386363636363676
