18 0.97875 0.69875 0.02498355263157892 0.027483552631578867
18 0.715 0.499375 0.022491610738254897 0.023741610738255092
16 0.89375 0.78125 0.05495689655172409 0.03495689655172418
03 0.43875 0.20375 0.0374944444444445 0.024994444444444402
03 0.905 0.18312499999999998 0.037488095238095154 0.026238095238095255
18 0.7625 0.11124999999999999 0.022492977528089875 0.02499297752808989
03 0.175625 0.68125 0.021245098039215704 0.02999509803921563
14 0.496875 0.9081250000000001 0.05120689655172417 0.04120689655172416
00 0.25875 0.431875 0.03997844827586203 0.02622844827586207
02 0.40437500000000004 0.7068749999999999 0.028636363636363626 0.036136363636363744
01 0.22625 0.78625 0.02248579545454546 0.02498579545454538
