11 0.780625 0.08562499999999999 0.03873355263157885 0.023733552631578947
02 0.28500000000000003 0.815625 0.03499161073825502 0.021241610738254924
03 0.32375 0.17562499999999998 0.03745689655172413 0.043706896551724134
11 0.07500000000000001 0.28375 0.03249444444444445 0.02499444444444443
03 0.130625 0.9025000000000001 0.041238095238095226 0.03248809523809515
06 0.37812675561797754 0.58125 0.0887464887640449 0.012492977528089866
09 0.71625 0.48875 0.022495098039215677 0.029995098039215684
19 0.669375 0.186875 0.043706896551724106 0.02870689655172412
00 0.6937500000000001 0.8943749999999999 0.02747844827586221 0.018728448275862175
14 0.9537500000000001 0.4825 0.03738636363636372 0.04488636363636356
16 0.578125 0.0775 0.04623579545454537 0.03248579545454546
01 0.715625 0.79875 0.023719512195122028 0.019969512195121997
