02 0.5793791118421052 0.923125 0.0887417763157895 0.031233552631578898
11 0.60875 0.9081250000000001 0.04999161073825498 0.046241610738254946
01 0.25625 0.12187500000000001 0.06495689655172415 0.05870689655172413
15 0.703125 0.746875 0.03874444444444425 0.0887444444444444
08 0.85875 0.764375 0.06748809523809518 0.05123809523809508
12 0.60625 0.909375 0.0674929775280898 0.06874297752808978
18 0.5918749999999999 0.104375 0.03374509803921566 0.03624509803921569
09 0.544375 0.5181250000000001 0.07620689655172408 0.058706896551724175
09 0.75 0.265625 0.0699784482758623 0.11872844827586204
08 0.7475284090909091 0.484375 0.14494318181818178 0.12363636363636354
06 0.8143750000000001 0.944375 0.09873579545454525 0.031235795454545356
02 0.29375 0.16250000000000003 0.06246951219512198 0.199969512195122
01 0.310625 0.625625 0.05123214285714284 0.04873214285714278
