03 0.78375 0.313125 0.019983552631578916 0.021233552631578945
18 0.714375 0.431875 0.01624161073825492 0.018741610738255032
07 0.8687499999999999 0.8512500000000001 0.019956896551724168 0.0649568965517241
15 0.46875 0.095 0.039994444444444444 0.022494444444444456
03 0.2025 0.3 0.044988095238095244 0.02248809523809525
19 0.860625 0.159375 0.018742977528089844 0.028742977528089853
07 0.4568762254901961 0.48625 0.036247549019607805 0.017495098039215673
09 0.5856250000000001 0.298125 0.023706896551724088 0.01620689655172408
16 0.651875 0.580625 0.021228448275862233 0.03372844827586208
20 0.635625 0.786875 0.023636363636363678 0.016136363636363726
03 0.33999999999999997 0.26625 0.022485795454545487 0.02498579545454549
03 0.715625 0.8225 0.011219512195121961 0.0349695121951219
