06 0.08875 0.8175 0.024983552631578948 0.07498355263157896
03 0.07500000000000001 0.325 0.03999161073825504 0.03749161073825502
03 0.43 0.888125 0.01745689655172411 0.02120689655172414
04 0.21375 0.34562499999999996 0.02499444444444443 0.023744444444444512
03 0.8981250000000001 0.844375 0.01873809523809522 0.03623809523809518
03 0.5025 0.84875 0.014992977528089813 0.022492977528089764
15 0.12625 0.49312500000000004 0.012495098039215682 0.018745098039215702
11 0.7381249999999999 0.753125 0.023706896551724088 0.028706896551724204
03 0.31875 0.7825 0.019978448275862093 0.024978448275862153
00 0.620625 0.44999999999999996 0.02113636363636362 0.014886363636363587
02 0.18875 0.2 0.04248579545454545 0.049985795454545484
06 0.470625 0.943125 0.07621951219512202 0.05621951219512189
03 0.62 0.59625 0.02498214285714284 0.01748214285714289
03 0.19625 0.614375 0.05248750000000002 0.026237499999999914
