04 0.07375 0.278125 0.03998355263157894 0.02873355263157895
04 0.10625 0.9175 0.032491610738255045 0.02999161073825496
01 0.49875 0.501875 0.02995689655172412 0.023706896551724144
03 0.20625 0.8225 0.03249444444444441 0.017494444444444368
03 0.49875 0.56375 0.032488095238095316 0.012488095238095243
12 0.325625 0.628125 0.03874297752808986 0.06874297752808978
01 0.24062499999999998 0.34625 0.021245098039215676 0.014995098039215726
10 0.865 0.319375 0.022456896551724115 0.02120689655172414
14 0.6225 0.9437500000000001 0.029978448275862157 0.03747844827586222
03 0.6100000000000001 0.458125 0.06488636363636358 0.026136363636363624
19 0.655 0.37312500000000004 0.02248579545454532 0.03373579545454547
