04 0.924375 0.2 0.023733552631578836 0.022483552631578974
20 0.278125 0.318125 0.01624161073825503 0.013741610738255083
03 0.38249999999999995 0.7525 0.04995689655172414 0.047456896551724026
03 0.30312500000000003 0.28375 0.04874444444444448 0.037494444444444386
05 0.339375 0.683125 0.02373809523809528 0.016238095238095163
02 0.375 0.37625 0.03749297752808989 0.04749297752808984
02 0.341875 0.799375 0.021245098039215704 0.0837450980392157
06 0.631885775862069 0.903739224137931 0.05122844827586204 0.004978448275862024
13 0.140625 0.6793750000000001 0.03372844827586208 0.10872844827586214
05 0.778125 0.915625 0.018636363636363673 0.023636363636363678
02 0.6381249999999999 0.6356249999999999 0.023735795454545405 0.02873579545454541
