03 0.46 0.66875 0.057483552631578894 0.03498355263157882
18 0.545 0.052500000000000005 0.034991610738255075 0.03749161073825503
03 0.910625 0.50375 0.046206896551724164 0.062456896551724095
03 0.74875 0.888125 0.01499444444444431 0.06374444444444427
18 0.509375 0.31562500000000004 0.031238095238095287 0.03373809523809529
04 0.471875 0.50375 0.03374297752808986 0.03749297752808989
14 0.301875 0.703125 0.06874509803921569 0.05374509803921579
15 0.829375 0.33375 0.15120689655172415 0.08745689655172412
03 0.688125 0.79125 0.03122844827586224 0.07747844827586214
02 0.50625 0.29625 0.029886363636363544 0.06488636363636363
06 0.881875 0.9425 0.06623579545454528 0.06498579545454541
03 0.916875 0.760625 0.05621951219512189 0.03871951219512204
