20 0.95875 0.143125 0.017483552631578858 0.018733552631578942
04 0.39125 0.6499999999999999 0.022491610738255063 0.014991610738254946
12 0.338125 0.813125 0.06120689655172412 0.03370689655172421
07 0.23312500000000003 0.7125 0.018744444444444425 0.03499444444444433
07 0.7925 0.185625 0.04248809523809516 0.01123809523809527
03 0.7875000000000001 0.30187324438202245 0.032492977528089884 0.026246488764044895
20 0.46562499999999996 0.83125 0.023745098039215706 0.01999509803921573
03 0.790625 0.955625 0.026206896551724146 0.016206896551724026
09 0.240625 0.25375 0.02622844827586207 0.022478448275862067
03 0.238125 0.518125 0.04113636363636369 0.02113636363636362
06 0.265625 0.21437499999999998 0.026235795454545463 0.021235795454545486
05 0.14375 0.6712499999999999 0.01996951219512194 0.014969512195121992
20 0.598125 0.87 0.018732142857142864 0.014982142857142833
