06 0.3106291118421053 0.101875 0.018741776315789493 0.08623355263157895
05 0.093125 0.75 0.01874161073825506 0.017491610738255003
11 0.7618750000000001 0.41500000000000004 0.02120689655172414 0.019956896551724113
07 0.62625 0.44999999999999996 0.039994444444444444 0.044994444444444504
08 0.54625 0.406875 0.007488095238095349 0.038738095238095294
18 0.478125 0.824375 0.01624297752808984 0.018742977528089844
03 0.46250122549019607 0.47875 0.01999754901960782 0.019995098039215675
03 0.82375 0.371875 0.04245689655172413 0.036206896551724155
06 0.3206303879310345 0.11750000000000001 0.06623922413793104 0.027478448275862072
03 0.5706249999999999 0.97 0.008636363636363664 0.0173863636363637
03 0.09562500000000002 0.43937499999999996 0.033735795454545456 0.038735795454545474
20 0.194375 0.011875 0.023719512195121972 0.016219512195121952
