05 0.19937500000000002 0.566875 0.01873355263157897 0.02123355263157889
20 0.12625 0.494375 0.012491610738255055 0.013741610738255083
15 0.43625 0.6412500000000001 0.017456896551724166 0.012456896551724106
13 0.15999999999999998 0.8825000000000001 0.014994444444444449 0.04999444444444434
07 0.815625 0.926875 0.01873809523809511 0.028738095238095118
14 0.594375 0.79125 0.018742977528089844 0.022492977528089764
03 0.475 0.05875 0.042495098039215695 0.029995098039215684
12 0.056249999999999994 0.37625 0.029956896551724142 0.054956896551724144
14 0.400625 0.383125 0.03622844827586208 0.02372844827586207
11 0.16062500000000002 0.3625 0.018636363636363645 0.022386363636363593
06 0.870625 0.86 0.06373579545454533 0.03498579545454539
04 0.035625 0.25375000000000003 0.023719512195121945 0.022469512195122
03 0.94125 0.8175 0.057482142857142815 0.012482142857142886
