18 0.474375 0.284375 0.031233552631578898 0.033733552631578956
10 0.045625 0.016875 0.03374161073825503 0.026241610738255032
03 0.62 0.48750000000000004 0.022456896551724226 0.06995689655172416
18 0.56125 0.9762500000000001 0.03249444444444449 0.03499444444444444
12 0.3925 0.48624999999999996 0.05248809523809528 0.07248809523809524
18 0.606875 0.878125 0.03124297752808991 0.03374297752808986
13 0.62875 0.7262500000000001 0.06749509803921572 0.1149950980392157
03 0.88625 0.831875 0.09245689655172407 0.0387068965517241
08 0.9137500000000001 0.840625 0.0174784482758622 0.028728448275862184
06 0.546875 0.56 0.1286363636363636 0.0173863636363637
15 0.625 0.458125 0.044985795454545396 0.038735795454545474
