18 0.02375 0.28625 0.019983552631578944 0.022483552631578974
03 0.915625 0.101875 0.02374161073825487 0.02124161073825505
03 0.614375 0.556864224137931 0.018706896551724084 0.02122844827586201
01 0.8518749999999999 0.78625 0.031244444444444297 0.022494444444444373
11 0.2425 0.31625000000000003 0.029988095238095286 0.024988095238095254
08 0.824375 0.052500000000000005 0.04874297752808987 0.03249297752808989
03 0.70875 0.33875 0.02999509803921563 0.024995098039215735
00 0.2025 0.6331249999999999 0.03245689655172415 0.02120689655172414
03 0.9225 0.32375 0.024978448275862153 0.029978448275862046
03 0.690625 0.181875 0.0336363636363638 0.03363636363636366
20 0.33125 0.10500000000000001 0.03248579545454544 0.022485795454545474
