09 0.3275 0.34375 0.017483552631578914 0.027483552631578867
02 0.261875 0.553125 0.036241610738255076 0.03624161073825505
06 0.8143750000000001 0.953125 0.011206896551724133 0.04120689655172405
02 0.474375 0.126875 0.061244444444444435 0.026244444444444445
08 0.765 0.65875 0.03498809523809521 0.014988095238095078
04 0.43 0.025625000000000002 0.02499297752808982 0.02374297752808989
04 0.9768749999999999 0.971875 0.018745098039215757 0.028745098039215766
20 0.469375 0.5875 0.03120689655172415 0.029956896551724066
05 0.680625 0.7825 0.01622844827586223 0.032478448275862215
06 0.76125 0.54 0.019886363636363757 0.019886363636363646
