15 0.3375 0.310625 0.02998355263157887 0.06373355263157898
18 0.06687499999999999 0.8556250000000001 0.023741610738255023 0.026241610738254928
03 0.4625 0.485 0.03995689655172413 0.03745689655172413
05 0.7318763888888888 0.56625 0.05124722222222211 0.0374944444444445
03 0.356875 0.8725 0.07873809523809527 0.05998809523809523
03 0.57375 0.7675000000000001 0.06499297752808986 0.07249297752808992
05 0.24062499999999998 0.511875 0.031245098039215685 0.04874509803921567
03 0.41312499999999996 0.425625 0.03870689655172416 0.06870689655172413
10 0.1325 0.15125 0.034978448275862065 0.02497844827586207
11 0.59125 0.97125 0.03488636363636355 0.032386363636363824
05 0.1175 0.160625 0.05248579545454546 0.02373579545454546
