03 0.9487541118421052 0.749375 0.027491776315789473 0.01873355263157883
14 0.08937290268456377 0.875 0.028745805369127533 0.022491610738254897
04 0.1625 0.9256249999999999 0.032456896551724124 0.023706896551724088
03 0.696875 0.948125 0.023744444444444346 0.0362444444444443
03 0.26187499999999997 0.691875 0.06123809523809526 0.05123809523809508
13 0.520625 0.846875 0.08624297752808979 0.04874297752808987
06 0.093125 0.36875 0.1037450980392157 0.019995098039215675
06 0.266875 0.48624999999999996 0.03620689655172413 0.054956896551724144
18 0.76125 0.553125 0.022478448275862206 0.026228448275862126
03 0.49 0.905625 0.03988636363636355 0.028636363636363793
03 0.215625 0.270625 0.021235795454545486 0.031235795454545467
03 0.75375 0.33687500000000004 0.039969512195122014 0.058719512195122
03 0.244375 0.6993750000000001 0.036232142857142824 0.028732142857142873
20 0.0925 0.085625 0.0324875 0.021237500000000006
