06 0.688125 0.19937500000000002 0.013733552631578938 0.023733552631578975
03 0.813125 0.329375 0.018741610738254977 0.03624161073825505
03 0.385 0.80875 0.014956896551724164 0.01745689655172411
14 0.294375 0.09375 0.018744444444444452 0.022494444444444456
02 0.524375 0.49312500000000004 0.008738095238095211 0.031238095238095287
12 0.74 0.04875 0.022492977528089764 0.02499297752808989
13 0.5325 0.6875 0.03749509803921569 0.0324950980392158
02 0.348125 0.9275 0.02120689655172414 0.022456896551724115
06 0.6368750000000001 0.176875 0.008728448275862166 0.03872844827586208
10 0.84625 0.55125 0.014886363636363753 0.014886363636363642
20 0.454375 0.6581250000000001 0.018735795454545456 0.0187357954545454
03 0.8425 0.375 0.012469512195121935 0.014969512195121992
15 0.12312500000000001 0.18875 0.011232142857142871 0.04248214285714286
13 0.494375 0.411875 0.048737500000000045 0.0587375
