20 0.54 0.7281249999999999 0.009983552631578907 0.01123355263157888
18 0.409375 0.52875 0.01624161073825503 0.017491610738255114
01 0.614375 0.26 0.016206896551724137 0.012456896551724106
11 0.915625 0.79875 0.031244444444444408 0.022494444444444373
18 0.984375 0.516875 0.013738095238095216 0.016238095238095274
10 0.63 0.00875 0.01749297752808987 0.014992977528089889
19 0.19 0.2925 0.029995098039215684 0.019995098039215675
08 0.605 0.368125 0.02745689655172412 0.02120689655172414
03 0.185 0.49750000000000005 0.019978448275862065 0.009978448275862084
09 0.84625 0.16062500000000002 0.04488636363636378 0.02363636363636365
