03 0.6625 0.49124999999999996 0.027483552631578867 0.024983552631578865
06 0.38125 0.29625 0.04499161073825503 0.05499161073825504
03 0.885625 0.406875 0.028706896551724093 0.016206896551724137
15 0.161875 0.43125 0.011244444444444446 0.05499444444444451
19 0.396875 0.680625 0.03373809523809529 0.02623809523809506
03 0.45499999999999996 0.07125000000000001 0.014992977528089868 0.05499297752808989
20 0.98875 0.5018750000000001 0.014995098039215726 0.011245098039215695
08 0.6131249999999999 0.96 0.008706896551724186 0.04745689655172414
06 0.803125 0.6112500000000001 0.06122844827586227 0.059978448275862184
02 0.261875 0.179375 0.018636363636363673 0.051136363636363646
11 0.92875 0.5175000000000001 0.024985795454545268 0.02498579545454549
