01 0.7168749999999999 0.97125 0.031233552631578898 0.029983552631578925
15 0.315625 0.719375 0.03624161073825505 0.03374161073825488
11 0.43000000000000005 0.453125 0.034956896551724126 0.028706896551724093
14 0.051250000000000004 0.660625 0.02999444444444444 0.03874444444444436
10 0.35624999999999996 0.49750000000000005 0.04498809523809527 0.04498809523809527
18 0.548125 0.201875 0.0212429775280899 0.023742977528089848
03 0.26187499999999997 0.8456250000000001 0.041245098039215666 0.04124509803921572
10 0.534375 0.6637500000000001 0.01370689655172408 0.014956896551724053
18 0.65125 0.878125 0.01997844827586226 0.02372844827586229
20 0.865 0.85625 0.03488636363636366 0.029886363636363655
08 0.606875 0.184375 0.03873579545454542 0.03373579545454547
03 0.629375 0.06937499999999999 0.018719512195122023 0.06621951219512195
07 0.31562500000000004 0.510625 0.028732142857142817 0.04373214285714283
