00 0.8475 0.09625 0.04498355263157894 0.037483552631578945
03 0.21687499999999998 0.189375 0.06124161073825504 0.03874161073825505
13 0.7150000000000001 0.5956250000000001 0.05245689655172414 0.11370689655172417
00 0.833125 0.76625 0.058744444444444266 0.04249444444444439
06 0.93125 0.6756249999999999 0.05748809523809517 0.08123809523809522
20 0.14125000000000001 0.2025 0.0349929775280899 0.029992977528089854
07 0.6975 0.39749999999999996 0.06749509803921572 0.07499509803921572
04 0.901875 0.45375 0.046206896551724164 0.04245689655172413
01 0.34562499999999996 0.819375 0.05372844827586204 0.053728448275862206
13 0.5718749999999999 0.86875 0.1261363636363636 0.10488636363636372
