13 0.756875 0.82125 0.061233552631578925 0.037483552631578876
06 0.16125 0.8825 0.004991610738255048 0.022491610738254897
01 0.16499999999999998 0.13124999999999998 0.012456896551724134 0.009956896551724131
09 0.338125 0.055 0.026244444444444515 0.024994444444444444
14 0.47375 0.03375 0.02498809523809531 0.04498809523809524
04 0.145625 0.79125 0.0187429775280899 0.022492977528089764
01 0.49 0.12000000000000001 0.022495098039215733 0.014995098039215699
15 0.530625 0.54 0.006206896551724128 0.022456896551724115
01 0.21625 0.650625 0.022478448275862067 0.021228448275862233
20 0.19374999999999998 0.768125 0.01488636363636367 0.016136363636363726
03 0.18125000000000002 0.706875 0.019985795454545457 0.026235795454545352
07 0.27749999999999997 0.848125 0.04996951219512197 0.013719512195121908
03 0.14750000000000002 0.07125000000000001 0.012482142857142858 0.04748214285714286
