01 0.10875 0.7675000000000001 0.03248355263157893 0.019983552631578916
06 0.6499999999999999 0.19374999999999998 0.022491610738255008 0.09999161073825505
09 0.33687500000000004 0.650625 0.028706896551724148 0.04370689655172422
04 0.246875 0.275625 0.041244444444444445 0.03374444444444441
14 0.8043750000000001 0.64125 0.051238095238095194 0.02248809523809525
06 0.39937500000000004 0.48124999999999996 0.06624297752808989 0.05749297752808985
03 0.5412487745098039 0.3125 0.02749754901960788 0.017495098039215673
14 0.816875 0.044375 0.0387068965517241 0.02870689655172414
03 0.16375 0.233125 0.01497844827586206 0.02372844827586207
03 0.11875000000000001 0.34750000000000003 0.04238636363636364 0.052386363636363564
20 0.86 0.063125 0.02498579545454538 0.02123579545454545
00 0.23625000000000002 0.1775 0.027469512195121976 0.027469512195121976
09 0.7675000000000001 0.0975 0.03248214285714279 0.04748214285714286
20 0.88625 0.43437499999999996 0.014987500000000042 0.013737500000000014
