16 0.210625 0.8512500000000001 0.03873355263157896 0.039983552631578934
06 0.5018750000000001 0.321875 0.07374161073825503 0.011241610738255081
18 0.97875 0.06 0.019956896551724057 0.022456896551724143
01 0.375 0.8243750000000001 0.01749444444444448 0.016244444444444395
06 0.128125 0.7337499999999999 0.03623809523809522 0.09498809523809515
08 0.9493750000000001 0.733125 0.0212429775280899 0.04624297752808981
08 0.933125 0.97125 0.02624509803921571 0.042495098039215695
05 0.346875 0.388125 0.0387068965517241 0.018706896551724084
20 0.7168749999999999 0.819375 0.013728448275862282 0.011228448275862224
07 0.7081534090909091 0.788125 0.016193181818181968 0.0336363636363638
03 0.924375 0.596875 0.02873579545454541 0.03623579545454547
07 0.073125 0.6575 0.04371951219512195 0.022469512195121943
