03 0.04125 0.915 0.017483552631578955 0.04248355263157888
06 0.4 0.2375 0.05249161073825509 0.019991610738255033
03 0.538125 0.9393750000000001 0.05620689655172406 0.09370689655172415
15 0.041874999999999996 0.835 0.05374444444444444 0.0724944444444443
16 0.33187500000000003 0.668125 0.05873809523809531 0.06373809523809526
00 0.2575 0.703125 0.04499297752808984 0.033742977528089746
03 0.6675 0.5081249999999999 0.02999509803921563 0.10374509803921572
04 0.40625 0.315 0.04745689655172414 0.029956896551724177
03 0.03625 0.49124999999999996 0.04497844827586207 0.07997844827586204
05 0.30125 0.6725000000000001 0.042386363636363666 0.03738636363636372
06 0.12250355113636364 0.19125 0.13249289772727274 0.01498579545454548
12 0.27437500000000004 0.27937500000000004 0.058719512195122 0.058719512195122
03 0.8049999999999999 0.71375 0.0274821428571429 0.03498214285714285
05 0.7124999999999999 0.164375 0.027487499999999998 0.04373750000000001
