14 0.9075 0.269375 0.037483552631578876 0.06873355263157896
06 0.09812499999999999 0.63625 0.028741610738255055 0.04999161073825498
01 0.321875 0.113125 0.04370689655172416 0.03370689655172411
20 0.391875 0.854375 0.02624444444444446 0.016244444444444284
02 0.51 0.85375 0.03998809523809532 0.04748809523809516
03 0.776875 0.69625 0.03374297752808986 0.039992977528089835
18 0.64625 0.5387500000000001 0.02999509803921563 0.032495098039215686
07 0.35 0.568125 0.06495689655172415 0.028706896551724093
18 0.07250000000000001 0.670625 0.03247844827586206 0.03372844827586219
15 0.095 0.52125 0.04988636363636363 0.037386363636363606
01 0.54125 0.4625 0.03498579545454539 0.02998579545454544
20 0.10125 0.8175 0.03496951219512194 0.03246951219512195
18 0.74625 0.06 0.02748214285714279 0.029982142857142846
04 0.786875 0.490625 0.04623749999999993 0.038737500000000036
