18 0.8262499999999999 0.6956249999999999 0.029983552631578925 0.033733552631578845
14 0.078125 0.053125000000000006 0.04124161073825504 0.05624161073825504
15 0.429375 0.365625 0.026206896551724146 0.041206896551724104
03 0.398125 0.72875 0.04124444444444453 0.04999444444444434
11 0.45875 0.411875 0.03248809523809526 0.026238095238095283
12 0.62 0.704375 0.039992977528089835 0.05874297752808988
17 0.8625 0.760625 0.0474950980392157 0.046245098039215726
03 0.378125 0.8225 0.03120689655172415 0.022456896551724115
06 0.659375 0.37 0.07122844827586206 0.0274784482758621
03 0.338125 0.8025 0.03113636363636363 0.039886363636363775
18 0.358125 0.08625 0.031235795454545467 0.03498579545454546
06 0.848125 0.63625 0.09871951219512198 0.082469512195122
13 0.648125 0.163125 0.05623214285714284 0.08123214285714286
