02 0.179375 0.506875 0.016233552631578968 0.03623355263157885
08 0.72875 0.6456249999999999 0.04749161073825492 0.013741610738254972
06 0.80125 0.5249999999999999 0.0749568965517241 0.022456896551724115
20 0.6225 0.57375 0.019994444444444537 0.019994444444444426
14 0.5031220238095238 0.59375 0.02624404761904764 0.029988095238095314
04 0.09437499999999999 0.5225 0.021242977528089887 0.01749297752808987
08 0.714375 0.7075 0.04124509803921572 0.014995098039215726
11 0.5975 0.31625000000000003 0.024956896551724173 0.019956896551724113
05 0.47250000000000003 0.074375 0.029978448275862102 0.03372844827586207
06 0.874375 0.1925 0.061136363636363766 0.052386363636363675
03 0.546875 0.77875 0.04623579545454537 0.02248579545454532
20 0.268125 0.70875 0.011219512195121961 0.012469512195121935
08 0.225 0.83375 0.019982142857142837 0.014982142857142833
00 0.099375 0.561875 0.05123749999999999 0.033737499999999976
