04 0.5543750000000001 0.321875 0.031233552631578898 0.03623355263157896
03 0.218125 0.705 0.04374161073825503 0.032491610738254906
07 0.389375 0.440625 0.058706896551724175 0.026206896551724146
12 0.34187500000000004 0.20687499999999998 0.04124444444444447 0.07624444444444442
14 0.83125 0.323125 0.044988095238095105 0.03623809523809529
01 0.7875000000000001 0.235625 0.02499297752808982 0.018742977528089844
01 0.73125 0.199375 0.02999509803921574 0.023745098039215706
06 0.453125 0.9425 0.016206896551724137 0.03745689655172413
12 0.424375 0.415625 0.043728448275862086 0.07372844827586206
04 0.290625 0.7825 0.04363636363636364 0.039886363636363775
03 0.76 0.200625 0.03248579545454533 0.04373579545454548
06 0.415625 0.77625 0.056219512195121946 0.07246951219512199
05 0.67625 0.44062500000000004 0.022482142857142895 0.04373214285714283
03 0.451875 0.680625 0.06373750000000006 0.023737500000000078
