01 0.06812499999999999 0.12187500000000001 0.018733552631578956 0.01123355263157895
13 0.61375 0.571875 0.07749161073825495 0.07624161073825508
15 0.30874999999999997 0.615625 0.014956896551724108 0.01370689655172419
03 0.48625 0.185 0.012494444444444475 0.027494444444444432
03 0.8575 0.81375 0.017488095238095136 0.019988095238095083
20 0.53625 0.143125 0.024992977528089932 0.023742977528089904
18 0.29000000000000004 0.14625 0.01749509803921573 0.019995098039215703
12 0.7175 0.531875 0.039956896551724075 0.0237068965517242
05 0.199375 0.35624999999999996 0.02622844827586207 0.027478448275862044
20 0.359375 0.81 0.02113636363636362 0.019886363636363646
08 0.8356250000000001 0.375625 0.013735795454545285 0.03373579545454547
06 0.583125 0.57125 0.04121951219512199 0.05996951219512192
07 0.400625 0.57125 0.03123214285714282 0.0274821428571429
20 0.295 0.49750000000000005 0.027487499999999998 0.02248750000000005
