01 0.24375000000000002 0.8418749999999999 0.03248355263157901 0.023733552631578836
08 0.903125 0.549375 0.09124161073825487 0.031241610738255043
06 0.635 0.225 0.04245689655172413 0.03995689655172413
03 0.6200000000000001 0.5856250000000001 0.03249444444444449 0.04874444444444459
04 0.79125 0.213125 0.05998809523809512 0.04623809523809527
06 0.290625 0.19 0.16124297752808986 0.09249297752808985
13 0.7775000000000001 0.5931249999999999 0.07499509803921567 0.06374509803921569
03 0.8456250000000001 0.36 0.10370689655172416 0.03745689655172413
04 0.916875 0.210625 0.05122844827586226 0.038728448275862054
12 0.601875 0.93 0.07863636363636362 0.06238636363636374
