02 0.8243750000000001 0.918125 0.04123355263157891 0.026233552631578894
10 0.6781250000000001 0.558125 0.018741610738254866 0.01624161073825503
01 0.518125 0.181875 0.028706896551724204 0.02870689655172412
18 0.54375 0.3775 0.022494444444444484 0.02499444444444454
20 0.1375 0.170625 0.02998809523809523 0.021238095238095278
14 0.053125000000000006 0.145 0.03124297752808989 0.059992977528089866
20 0.504375 0.966875 0.02874509803921571 0.02624509803921571
07 0.35125 0.2975 0.03745689655172413 0.05995689655172415
05 0.13125 0.354375 0.03997844827586207 0.018728448275862064
03 0.851875 0.35875 0.04113636363636375 0.04988636363636362
03 0.41625 0.9281250000000001 0.022485795454545432 0.021235795454545348
