09 0.91875 0.565 0.019983552631578916 0.029983552631578925
20 0.613125 0.2925 0.01624161073825503 0.014991610738255057
03 0.576875 0.30125 0.036206896551724155 0.034956896551724126
04 0.18562499999999998 0.55 0.021244444444444427 0.019994444444444537
03 0.5118750000000001 0.625 0.008738095238095211 0.02248809523809525
03 0.969375 0.84125 0.016242977528089897 0.009992977528089919
02 0.7306250000000001 0.419375 0.013745098039215642 0.056245098039215735
08 0.36812500000000004 0.013125000000000001 0.01870689655172414 0.016206896551724137
08 0.33999999999999997 0.263125 0.014978448275862088 0.028728448275862073
08 0.9362784090909091 0.27 0.019943181818181888 0.02488636363636365
