05 0.495 0.09 0.02998355263157887 0.02748355263157895
01 0.588125 0.11937500000000001 0.04124161073825505 0.03624161073825506
00 0.5425 0.871875 0.04245689655172413 0.043706896551724106
03 0.145625 0.03875 0.04374444444444445 0.05499444444444444
05 0.86 0.40625 0.027488095238095145 0.054988095238095225
03 0.295625 0.26 0.04624297752808987 0.02749297752808988
00 0.8731249999999999 0.0425 0.031245098039215713 0.032495098039215686
11 0.0975 0.339375 0.039956896551724144 0.023706896551724144
14 0.895 0.9575 0.05497844827586218 0.032478448275862215
12 0.3125 0.8075 0.04488636363636361 0.04738636363636384
04 0.3075 0.2975 0.04248579545454545 0.037485795454545445
