15 0.3625 0.545625 0.03248355263157887 0.031233552631578898
03 0.91625 0.6593749999999999 0.014991610738254835 0.07124161073825497
03 0.6575 0.028749999999999998 0.039956896551724075 0.05495689655172414
18 0.9437500000000001 0.15125 0.027494444444444377 0.029994444444444435
00 0.12125 0.03 0.03998809523809525 0.029988095238095234
20 0.22999999999999998 0.655 0.03499297752808986 0.03749297752808989
14 0.6156250000000001 0.95875 0.03374509803921566 0.0474950980392157
03 0.320625 0.9824999999999999 0.0337068965517241 0.02495689655172406
06 0.8043750000000001 0.240625 0.11872844827586226 0.008728448275862055
04 0.26 0.975625 0.03238636363636366 0.03113636363636374
03 0.6937500000000001 0.6256249999999999 0.04248579545454534 0.06123579545454538
