08 0.505 0.37875000000000003 0.027483552631578867 0.02998355263157887
03 0.0675 0.743125 0.029991610738255042 0.031241610738254932
03 0.5225 0.4825 0.04495689655172408 0.02745689655172412
20 0.0825 0.265625 0.02749444444444446 0.02874444444444446
10 0.18062499999999998 0.756875 0.03123809523809526 0.023738095238095114
06 0.538125 0.763125 0.03374297752808986 0.018742977528089955
11 0.64625 0.8362499999999999 0.02999509803921563 0.02999509803921574
12 0.5562499999999999 0.2425 0.04245689655172413 0.04745689655172414
03 0.50375 0.8674999999999999 0.0274784482758621 0.029978448275862157
12 0.643125 0.06937499999999999 0.03863636363636369 0.04113636363636363
10 0.4475 0.0825 0.027485795454545436 0.024985795454545462
