08 0.119375 0.654375 0.02623355263157892 0.04623355263157891
08 0.44062500000000004 0.390625 0.04874161073825506 0.023741610738255092
01 0.14625 0.37 0.024956896551724145 0.014956896551724164
06 0.9512499999999999 0.265 0.0624944444444443 0.07499444444444442
03 0.206875 0.79625 0.026238095238095283 0.024988095238095198
04 0.078125 0.095625 0.031242977528089882 0.033742977528089885
03 0.31375 0.13624999999999998 0.01749509803921573 0.049995098039215674
04 0.8325 0.145625 0.02745689655172412 0.02870689655172412
06 0.23000538793103448 0.44125000000000003 0.09248922413793104 0.02247844827586204
20 0.13 0.338125 0.014886363636363642 0.013636363636363613
08 0.6193785511363636 0.44062144886363636 0.038742897727272796 0.031242897727272734
03 0.639375 0.2375 0.026219512195121975 0.03246951219512195
12 0.073125 0.29375 0.05373214285714285 0.047482142857142806
