17 0.43875 0.8106249999999999 0.05498355263157889 0.05873355263157898
00 0.226875 0.7581249999999999 0.06374161073825502 0.038741610738254884
18 0.18562499999999998 0.239375 0.03870689655172413 0.04120689655172416
19 0.188125 0.31625000000000003 0.0537444444444444 0.04499444444444445
14 0.725 0.650625 0.04748809523809516 0.06873809523809526
00 0.21125 0.420625 0.062492977528089855 0.04374297752808981
06 0.87 0.40437500000000004 0.06749509803921572 0.1437450980392157
03 0.49624999999999997 0.49624999999999997 0.0699568965517241 0.0699568965517241
12 0.515625 0.7875000000000001 0.06372844827586205 0.06747844827586225
03 0.5718749999999999 0.074375 0.07613636363636356 0.05863636363636364
20 0.74875 0.07437500000000001 0.0599857954545453 0.04873579545454546
09 0.18312499999999998 0.778125 0.04371951219512196 0.051219512195122
05 0.7168749999999999 0.5825 0.061232142857142846 0.0424821428571428
