09 0.5225 0.443125 0.0649835526315789 0.05373355263157892
20 0.715 0.28875 0.04499161073825486 0.042491610738255026
03 0.305 0.599375 0.04245689655172413 0.05620689655172417
12 0.8043750000000001 0.075625 0.07124444444444433 0.06624444444444445
06 0.1437529761904762 0.19875000000000004 0.03249404761904762 0.1949880952380953
12 0.096875 0.33999999999999997 0.05874297752808991 0.06749297752808986
06 0.815625 0.37375 0.13374509803921575 0.00749509803921572
04 0.923125 0.62625 0.05120689655172417 0.03745689655172413
15 0.28812499999999996 0.075 0.041228448275862084 0.059978448275862066
03 0.085 0.48250000000000004 0.037386363636363634 0.03988636363636361
20 0.79125 0.37375 0.029985795454545272 0.027485795454545492
14 0.12625000000000003 0.371875 0.08746951219512197 0.06871951219512196
