14 0.339375 0.489375 0.0987335526315789 0.033733552631578956
00 0.536875 0.79125 0.05874161073825501 0.06249161073825493
03 0.575625 0.1975 0.03870689655172421 0.05745689655172412
08 0.871875 0.063125 0.06874444444444439 0.05874444444444445
20 0.8525 0.5306249999999999 0.034988095238095096 0.026238095238095283
14 0.12125 0.843125 0.034992977528089886 0.05874297752808988
03 0.37375 0.6031249999999999 0.054995098039215706 0.09624509803921566
03 0.5375 0.6056250000000001 0.0699568965517241 0.05120689655172417
03 0.453125 0.923125 0.04622844827586203 0.07872844827586223
03 0.47750000000000004 0.72 0.059886363636363626 0.07738636363636375
01 0.589375 0.628125 0.041235795454545476 0.026235795454545574
