20 0.013125000000000001 0.699375 0.016233552631578947 0.013733552631578938
03 0.7150000000000001 0.24312499999999998 0.0274916107382549 0.021241610738255035
06 0.9781249999999999 0.375 0.02120689655172414 0.04495689655172408
10 0.8768750000000001 0.95375 0.02874444444444435 0.02499444444444432
20 0.104375 0.881875 0.018738095238095234 0.021238095238095167
04 0.09375 0.224375 0.022492977528089875 0.018742977528089844
14 0.22875 0.42500000000000004 0.03499509803921569 0.02499509803921568
03 0.8668750000000001 0.471875 0.018706896551724195 0.03120689655172415
20 0.28125 0.034999999999999996 0.0274784482758621 0.024978448275862066
03 0.40437500000000004 0.786875 0.013636363636363613 0.03113636363636374
03 0.73625 0.6074999999999999 0.037485795454545334 0.03998579545454539
03 0.638125 0.538125 0.051219512195121886 0.03371951219512204
07 0.89625 0.401875 0.03498214285714285 0.013732142857142804
