09 0.45687500000000003 0.905625 0.05373355263157892 0.07623355263157894
08 0.728125 0.7793749999999999 0.031241610738254932 0.04124161073825483
20 0.7925 0.776875 0.039956896551724075 0.0387068965517241
14 0.2175 0.160625 0.07999444444444442 0.05624444444444443
02 0.0925 0.6643749999999999 0.034988095238095235 0.06623809523809521
05 0.405 0.41625 0.05749297752808985 0.039992977528089835
06 0.41625 0.844375 0.1124950980392157 0.03374509803921577
03 0.47875 0.595 0.04245689655172413 0.039956896551724075
03 0.8899999999999999 0.8425 0.04747844827586223 0.05247844827586223
20 0.5 0.876875 0.03988636363636355 0.04113636363636375
15 0.5475 0.341875 0.05248579545454546 0.07873579545454545
05 0.418125 0.143125 0.026219512195121975 0.041219512195121974
