20 0.9762500000000001 0.1725 0.022483552631578863 0.019983552631579
03 0.59375 0.079375 0.07499161073825511 0.02874161073825504
04 0.524375 0.37312500000000004 0.03120689655172415 0.028706896551724148
15 0.138125 0.77125 0.04124444444444446 0.03499444444444433
11 0.49687499999999996 0.08 0.03123809523809523 0.024988095238095226
06 0.30874999999999997 0.13375 0.02999297752808988 0.02249297752808989
03 0.26875000000000004 0.44125000000000003 0.01499509803921567 0.022495098039215733
07 0.59875 0.8925000000000001 0.057456896551724146 0.06245689655172415
04 0.10875 0.5918749999999999 0.032478448275862076 0.03122844827586213
05 0.6375 0.8300000000000001 0.039886363636363664 0.022386363636363815
06 0.6587535511363637 0.31999999999999995 0.03249289772727271 0.06998579545454547
08 0.7493749999999999 0.039999999999999994 0.03621951219512198 0.039969512195121945
