07 0.28875 0.78125 0.047483552631578996 0.017483552631578858
18 0.716875 0.371875 0.021241610738254924 0.021241610738255035
06 0.7424999999999999 0.540625 0.08245689655172417 0.046206896551724164
03 0.53375 0.23812499999999998 0.06749444444444441 0.06124444444444441
02 0.43062500000000004 0.920625 0.0487380952380953 0.031238095238095176
02 0.910625 0.125 0.03374297752808986 0.032492977528089884
20 0.25812500000000005 0.6487499999999999 0.013745098039215697 0.014995098039215615
03 0.333125 0.68875 0.06870689655172413 0.019956896551724168
03 0.464375 0.16125 0.04372844827586203 0.03497844827586205
03 0.12437500000000001 0.328125 0.03613636363636365 0.03363636363636363
09 0.168125 0.7375 0.028735795454545465 0.04248579545454534
03 0.9525076219512195 0.16875 0.04248475609756097 0.027469512195121948
