13 0.910625 0.891875 0.07123355263157893 0.018733552631578942
15 0.2925 0.6950000000000001 0.012491610738255055 0.049991610738254866
18 0.5462499999999999 0.468125 0.012456896551724106 0.013706896551724135
13 0.620625 0.83125 0.036244444444444524 0.03499444444444444
08 0.35125 0.134375 0.019988095238095305 0.026238095238095227
20 0.81375 0.96875 0.019992977528089817 0.014992977528089924
04 0.38687499999999997 0.213125 0.02124509803921565 0.018745098039215674
00 0.273125 0.604375 0.02120689655172414 0.01370689655172419
08 0.395625 0.044375 0.021228448275862066 0.016228448275862062
03 0.44875 0.5549999999999999 0.024886363636363595 0.029886363636363655
09 0.059375 0.7762500000000001 0.023735795454545454 0.03248579545454533
14 0.63375 0.425625 0.014969512195121992 0.026219512195121975
01 0.08125 0.164375 0.012482142857142858 0.008732142857142827
