01 0.26375000000000004 0.338125 0.01998355263157897 0.016233552631578885
13 0.4875 0.360625 0.10749161073825497 0.05874161073825507
13 0.3275 0.8518749999999999 0.11495689655172414 0.05620689655172406
10 0.86625 0.665 0.027494444444444377 0.027494444444444377
08 0.2225 0.855 0.049988095238095276 0.02248809523809514
03 0.600625 0.34187500000000004 0.05624297752808982 0.041242977528089864
03 0.08562377450980392 0.349375 0.056247549019607844 0.061245098039215684
06 0.1825 0.06375 0.019956896551724113 0.03495689655172414
14 0.153125 0.524375 0.03622844827586205 0.06372844827586205
19 0.920625 0.5275 0.016136363636363726 0.027386363636363598
03 0.834375 0.598125 0.06123579545454527 0.04623579545454548
09 0.92125 0.39 0.04996951219512202 0.034969512195121955
03 0.52875 0.0775 0.04498214285714275 0.04248214285714285
