03 0.366875 0.884375 0.02123355263157889 0.05873355263157887
03 0.081875 0.51875 0.03624161073825505 0.034991610738254963
20 0.04875 0.190625 0.027456896551724147 0.026206896551724118
20 0.445 0.484375 0.027494444444444488 0.018744444444444452
10 0.10125 0.6456249999999999 0.02498809523809524 0.02873809523809523
11 0.88375 0.96 0.032492977528089884 0.03499297752808983
20 0.02375 0.275 0.03499509803921569 0.03499509803921569
03 0.7893749999999999 0.76125 0.043706896551724106 0.01745689655172411
11 0.46625 0.630625 0.032478448275862104 0.03372844827586208
03 0.551875 0.208125 0.02863636363636357 0.02613636363636368
08 0.6025 0.868125 0.05998579545454541 0.01873579545454529
06 0.838125 0.348125 0.04621951219512199 0.06371951219512201
