20 0.8043750000000001 0.8262499999999999 0.018733552631578942 0.01748355263157897
07 0.8225 0.08812500000000001 0.07249161073825494 0.05124161073825505
03 0.9175 0.21125 0.057456896551724146 0.04995689655172414
09 0.47500000000000003 0.14687499999999998 0.05249444444444451 0.031244444444444436
05 0.77 0.335625 0.024988095238095198 0.04373809523809524
05 0.7893749999999999 0.765625 0.04874297752808976 0.033742977528089746
11 0.3975 0.145625 0.032495098039215686 0.04874509803921569
03 0.9606250000000001 0.42562500000000003 0.053706896551724115 0.023706896551724144
03 0.445625 0.308125 0.1787284482758621 0.09372844827586208
20 0.08124999999999999 0.09812499999999999 0.022386363636363635 0.01863636363636363
