03 0.80625 0.82875 0.07498355263157896 0.037483552631578876
07 0.7499979026845638 0.84 0.05249580536912746 0.08249161073825495
10 0.93625 0.155 0.029956896551724177 0.024956896551724117
09 0.370625 0.14375 0.018744444444444508 0.05499444444444444
13 0.15750000000000003 0.543125 0.06748809523809526 0.1012380952380953
02 0.026874999999999996 0.913125 0.03874297752808988 0.10374297752808992
01 0.688125 0.24562499999999998 0.03624509803921572 0.031245098039215685
19 0.20687499999999998 0.32 0.033706896551724125 0.057456896551724146
09 0.9325000000000001 0.64375 0.02747844827586221 0.057478448275862126
03 0.16125 0.22625 0.02488636363636365 0.10238636363636366
03 0.5449964488636363 0.610625 0.007492897727272685 0.0862357954545454
00 0.7206250000000001 0.37812500000000004 0.03621951219512198 0.023719512195121972
