03 0.443125 0.8 0.018733552631578887 0.04498355263157883
17 0.05875 0.48750000000000004 0.027491610738255033 0.022491610738255063
10 0.66625 0.57375 0.022456896551724115 0.01745689655172411
07 0.5512513888888888 0.588125 0.0424972222222223 0.013744444444444559
00 0.440625 0.94 0.026238095238095283 0.019988095238095194
08 0.621875 0.748125 0.0212429775280899 0.018742977528089844
06 0.169375 0.760625 0.023745098039215706 0.06124509803921563
06 0.885 0.28812499999999996 0.0549568965517242 0.03870689655172416
09 0.913125 0.90625 0.021228448275862233 0.0274784482758621
04 0.80375 0.9612499999999999 0.024886363636363762 0.024886363636363762
07 0.84625 0.589375 0.05998579545454541 0.01123579545454545
14 0.976875 0.48875 0.02121951219512197 0.029969512195122006
07 0.950625 0.848125 0.033732142857142766 0.018732142857142864
