14 0.63625 0.808125 0.04998355263157883 0.061233552631578925
08 0.880625 0.22625 0.06124161073825496 0.05499161073825501
20 0.030625 0.29374999999999996 0.04370689655172414 0.02995689655172412
03 0.6425 0.185625 0.06499444444444435 0.051244444444444426
13 0.4 0.180625 0.15498809523809526 0.07623809523809527
03 0.195625 0.393125 0.03624297752808986 0.06374297752808988
14 0.11124999999999999 0.360625 0.11499509803921568 0.033745098039215715
07 0.49 0.38749999999999996 0.12245689655172409 0.3149568965517241
03 0.22562500000000002 0.9293750000000001 0.03372844827586205 0.07122844827586217
20 0.24125 0.08 0.04738636363636367 0.03488636363636363
08 0.2543714488636364 0.100625 0.06624289772727271 0.048735795454545455
14 0.455625 0.07125000000000001 0.061219512195122006 0.08246951219512196
