03 0.441875 0.130625 0.038733552631578905 0.036233552631578944
05 0.18125 0.1175 0.012491610738255055 0.027491610738255054
11 0.5549999999999999 0.42125 0.019956896551724168 0.01745689655172411
03 0.75875 0.319375 0.009994444444444306 0.013744444444444448
19 0.056875 0.595 0.018738095238095234 0.02498809523809531
09 0.6449982443820225 0.150625 0.022496488764044864 0.01874297752808987
14 0.139375 0.11937500000000001 0.02874509803921571 0.0162450980392157
03 0.74 0.13125 0.019956896551724057 0.02495689655172413
03 0.254375 0.266875 0.051228448275862065 0.018728448275862064
00 0.55875 0.42125 0.014886363636363642 0.014886363636363587
03 0.6168750000000001 0.921875 0.0187357954545454 0.021235795454545237
