20 0.233125 0.8143750000000001 0.02623355263157895 0.023733552631578836
03 0.29625 0.370625 0.022491610738255063 0.06874161073825508
07 0.159375 0.41375 0.04870689655172414 0.019956896551724168
15 0.4418736111111111 0.7443736111111111 0.02124722222222225 0.023747222222222142
18 0.691875 0.171875 0.023738095238095114 0.026238095238095255
03 0.039999999999999994 0.20375 0.012492977528089887 0.029992977528089854
18 0.46125 0.35 0.022495098039215677 0.02499509803921568
03 0.95375 0.14687499999999998 0.04745689655172414 0.043706896551724134
03 0.4575 0.9237500000000001 0.017478448275862035 0.0174784482758622
19 0.141875 0.6993750000000001 0.026136363636363624 0.03863636363636369
14 0.44875 0.9281250000000001 0.047485795454545454 0.021235795454545348
