04 0.039375 0.16062500000000002 0.016233552631578954 0.01873355263157897
18 0.756875 0.15187499999999998 0.013741610738254972 0.016241610738255058
09 0.8731249999999999 0.7525 0.008706896551724186 0.02745689655172423
01 0.33499999999999996 0.7575000000000001 0.01999444444444448 0.017494444444444368
01 0.925625 0.6343750000000001 0.016238095238095163 0.013738095238095327
02 0.47 0.06625 0.02249297752808982 0.017492977528089884
04 0.22499999999999998 0.6287499999999999 0.014995098039215699 0.012495098039215669
01 0.12187499999999998 0.51625 0.013706896551724121 0.014956896551724164
06 0.50375 0.16749999999999998 0.007478448275862082 0.017478448275862063
17 0.49187500000000006 0.950625 0.018636363636363618 0.018636363636363673
20 0.954375 0.015 0.011235795454545339 0.012485795454545453
07 0.3025 0.211875 0.01246951219512199 0.028719512195121977
