03 0.32624999999999993 0.07125 0.042483552631578936 0.024983552631578948
13 0.86375 0.668125 0.06249161073825493 0.07874161073825503
20 0.763125 0.42000000000000004 0.016206896551724026 0.014956896551724108
19 0.20625 0.285625 0.03499444444444441 0.031244444444444408
12 0.4625 0.950625 0.03248809523809526 0.03623809523809507
00 0.13624999999999998 0.816875 0.022492977528089902 0.02124297752808979
06 0.743125 0.638125 0.0737450980392157 0.07124509803921575
05 0.12875 0.346875 0.02995689655172412 0.016206896551724137
03 0.375 0.203125 0.03747844827586211 0.06622844827586205
06 0.78375 0.27437500000000004 0.012386363636363806 0.02613636363636368
12 0.171875 0.9143749999999999 0.03623579545454547 0.041235795454545365
01 0.87625 0.079375 0.01746951219512194 0.016219512195121938
18 0.706875 0.9337500000000001 0.016232142857142806 0.019982142857142837
