09 0.565 0.829375 0.009983552631578907 0.031233552631578898
18 0.095 0.8075 0.012491610738255055 0.014991610738254835
06 0.5149999999999999 0.619375 0.022456896551724115 0.05120689655172406
12 0.6212500000000001 0.35250000000000004 0.03249444444444449 0.024994444444444486
07 0.94875 0.7893720238095239 0.024988095238095198 0.021244047619047524
14 0.144375 0.76875 0.0212429775280899 0.02499297752808982
04 0.938125 0.343125 0.018745098039215646 0.018745098039215702
03 0.32875 0.45625000000000004 0.019956896551724113 0.034956896551724126
03 0.838125 0.7350000000000001 0.01372844827586217 0.02747844827586221
13 0.031875 0.591875 0.038636363636363635 0.11863636363636365
06 0.9043749999999999 0.03375 0.021235795454545348 0.057485795454545456
03 0.4212576219512195 0.206875 0.03248475609756096 0.038719512195121986
10 0.259375 0.445 0.01873214285714281 0.019982142857142837
