03 0.31000000000000005 0.389375 0.01998355263157897 0.01623355263157894
01 0.52625 0.66625 0.01999161073825495 0.017491610738254892
03 0.064375 0.20625 0.018706896551724146 0.03995689655172413
08 0.721251388888889 0.460625 0.03749722222222218 0.02124444444444451
01 0.016875 0.8131250000000001 0.021238095238095236 0.013738095238095105
18 0.6499999999999999 0.193125 0.014992977528089813 0.018742977528089844
03 0.15437499999999998 0.12687500000000002 0.01374509803921567 0.028745098039215683
06 0.775 0.349375 0.014956896551724164 0.046206896551724164
18 0.840625 0.9512499999999999 0.013728448275862282 0.0174784482758622
18 0.42874999999999996 0.5475 0.014886363636363587 0.01738636363636359
03 0.370625 0.215625 0.028735795454545465 0.028735795454545465
10 0.8431249999999999 0.028749999999999998 0.026219512195121975 0.024969512195121946
