03 0.32375 0.443125 0.09248355263157892 0.04373355263157891
03 0.389375 0.5193749999999999 0.051241610738255006 0.043741610738255
14 0.8456250000000001 0.65125 0.06370689655172412 0.06245689655172404
11 0.25375 0.681875 0.04499444444444442 0.031244444444444408
15 0.151875 0.18625 0.04123809523809524 0.03248809523809526
03 0.05375 0.0625 0.04499297752808988 0.06749297752808989
03 0.6074999999999999 0.171875 0.032495098039215686 0.02624509803921571
03 0.954375 0.925625 0.06870689655172413 0.04870689655172411
01 0.04875 0.46499999999999997 0.024978448275862063 0.02247844827586204
11 0.490625 0.535625 0.051136363636363535 0.043636363636363584
20 0.53625 0.108125 0.03498579545454539 0.03373579545454547
