14 0.680625 0.64375 0.016233552631578885 0.047483552631578885
14 0.168125 0.398125 0.03874161073825505 0.01624161073825503
03 0.478125 0.731875 0.046206896551724164 0.08370689655172414
19 0.55375 0.378125 0.022494444444444484 0.02124444444444451
06 0.623125 0.70875 0.01123809523809527 0.02998809523809509
10 0.979375 0.135625 0.02124297752808979 0.016242977528089897
08 0.870625 0.051875000000000004 0.023745098039215762 0.041245098039215694
06 0.369385775862069 0.24937499999999999 0.03622844827586208 0.04620689655172411
03 0.62375 0.206875 0.0274784482758621 0.03622844827586208
04 0.5 0.465625 0.02238636363636365 0.016136363636363615
18 0.4575 0.725 0.012485795454545479 0.01498579545454537
