09 0.8062499999999999 0.19437500000000002 0.05248355263157889 0.02873355263157898
11 0.948125 0.16625 0.038741610738254995 0.03499161073825505
03 0.321875 0.91875 0.05620689655172412 0.03745689655172413
06 0.64375 0.86625 0.022494444444444484 0.047494444444444395
03 0.265625 0.6412499999999999 0.021238095238095278 0.04998809523809522
14 0.4575 0.318125 0.052492977528089846 0.021242977528089846
03 0.38125 0.465625 0.029995098039215684 0.031245098039215713
03 0.450625 0.6018749999999999 0.03120689655172415 0.053706896551724115
03 0.41875 0.589375 0.019978448275862037 0.036228448275862135
14 0.869375 0.624375 0.02113636363636373 0.026136363636363624
