03 0.7450000000000001 0.33562499999999995 0.009983552631578907 0.05373355263157892
01 0.70125 0.699375 0.032491610738254906 0.021241610738254924
08 0.933135775862069 0.548125 0.026228448275862126 0.0387068965517241
18 0.933125 0.476875 0.013744444444444337 0.016244444444444506
03 0.059375000000000004 0.684375 0.02373809523809524 0.03373809523809512
01 0.03125 0.693125 0.01249297752808989 0.011242977528089781
03 0.628125 0.8262499999999999 0.013745098039215642 0.024995098039215624
09 0.0925 0.11812500000000001 0.024956896551724117 0.013706896551724121
15 0.7618750000000001 0.856875 0.03872844827586219 0.018728448275862175
01 0.34750000000000003 0.9850000000000001 0.014886363636363587 0.014886363636363753
