09 0.8875 0.019375 0.014983552631578911 0.026233552631578946
08 0.57875 0.85375 0.03249161073825513 0.012491610738254888
19 0.3275 0.039375 0.012456896551724106 0.02370689655172414
08 0.40437500000000004 0.395 0.03624444444444447 0.01999444444444448
00 0.175625 0.5862499999999999 0.018738095238095276 0.017488095238095247
04 0.809375 0.61375 0.028742977528089853 0.029992977528089826
04 0.91125 0.04625 0.024995098039215735 0.02749509803921569
01 0.59875 0.8062499999999999 0.014956896551724164 0.012456896551724106
14 0.86875 0.683125 0.03497844827586216 0.026228448275862237
07 0.3075 0.836875 0.014886363636363642 0.06863636363636372
15 0.39875 0.844375 0.01498579545454548 0.03623579545454536
00 0.8612500000000001 0.6699999999999999 0.022469512195122054 0.014969512195121992
