01 0.9312499999999999 0.651875 0.029983552631578925 0.02123355263157889
03 0.07875000000000001 0.49375 0.12249161073825506 0.0649916107382551
03 0.84375 0.49312500000000004 0.02745689655172412 0.028706896551724148
11 0.44 0.641875 0.03249444444444449 0.033744444444444355
07 0.3425 0.67625 0.012488095238095298 0.04748809523809516
03 0.780625 0.96875 0.06374297752808977 0.03749297752808989
04 0.920625 0.46499999999999997 0.02624509803921571 0.019995098039215675
13 0.42374999999999996 0.42562500000000003 0.08245689655172411 0.09120689655172415
06 0.65125 0.575625 0.012478448275862197 0.03872844827586197
05 0.53 0.39125 0.01738636363636359 0.0298863636363636
10 0.521875 0.433125 0.02873579545454552 0.02123579545454546
20 0.201875 0.88375 0.03371951219512198 0.03246951219512195
03 0.040624999999999994 0.48 0.04373214285714285 0.044982142857142804
