12 0.4075 0.439375 0.05748355263157895 0.04623355263157891
02 0.88625 0.2475 0.03499161073825485 0.044991610738255056
03 0.9143749999999999 0.089375 0.01370689655172408 0.028706896551724148
15 0.95625 0.3575 0.037494444444444386 0.047494444444444506
03 0.11375 0.530625 0.05498809523809525 0.02873809523809534
18 0.46875 0.179375 0.02499297752808982 0.02624297752808985
03 0.6912499999999999 0.233125 0.06249509803921571 0.06624509803921569
03 0.144375 0.443125 0.07870689655172414 0.08370689655172414
03 0.10375000000000001 0.606875 0.027478448275862058 0.09622844827586219
03 0.52 0.08625 0.019886363636363535 0.08738636363636364
19 0.106875 0.551875 0.028735795454545465 0.031235795454545467
03 0.20500000000000002 0.856875 0.027469512195121976 0.03121951219512198
06 0.094375 0.943125 0.02373214285714287 0.061232142857142846
