09 0.58375 0.08687500000000001 0.037483552631578876 0.04123355263157895
14 0.179375 0.678125 0.053741610738255036 0.031241610738254932
03 0.566875 0.7268749999999999 0.04870689655172411 0.06620689655172407
03 0.7225 0.551875 0.022494444444444373 0.0787444444444445
02 0.22562500000000002 0.780625 0.038738095238095266 0.04623809523809519
20 0.125625 0.7518750000000001 0.0487429775280899 0.036242977528089804
18 0.411875 0.891875 0.028745098039215655 0.031245098039215713
20 0.731875 0.35250000000000004 0.0337068965517241 0.02995689655172412
04 0.23312499999999997 0.325625 0.038728448275862054 0.03122844827586202
12 0.249375 0.468125 0.08363636363636365 0.0686363636363636
15 0.96375 0.35624999999999996 0.02498579545454538 0.022485795454545487
08 0.74375 0.490625 0.05496951219512192 0.02621951219512203
