10 0.911875 0.34125 0.023733552631578947 0.027483552631578867
01 0.109375 0.6525 0.02624161073825504 0.022491610738254897
01 0.5225 0.06375 0.032456896551724124 0.024956896551724145
13 0.921875 0.71 0.026244444444444293 0.07749444444444442
06 0.4075 0.884375 0.00998809523809524 0.06123809523809509
03 0.24625000000000002 0.033125 0.029992977528089854 0.026242977528089885
03 0.07375 0.18937500000000002 0.037495098039215684 0.05624509803921571
15 0.499375 0.2125 0.026206896551724146 0.044956896551724135
18 0.065625 0.935 0.018728448275862064 0.022478448275862206
04 0.62875 0.706875 0.029886363636363766 0.03113636363636374
