14 0.885 0.936875 0.04498355263157894 0.02873355263157884
07 0.6025 0.40625 0.0599916107382551 0.01999161073825506
03 0.48 0.019375 0.057456896551724146 0.016206896551724137
19 0.41812499999999997 0.85 0.028744444444444517 0.022494444444444373
06 0.891875 0.334375 0.09373809523809518 0.03123809523809523
08 0.785 0.711875 0.0474929775280899 0.04624297752808981
12 0.80375 0.163125 0.0474950980392157 0.05624509803921568
03 0.729375 0.958125 0.04370689655172422 0.03370689655172421
19 0.48375 0.04625 0.014978448275862088 0.042478448275862064
08 0.835 0.84 0.05238636363636373 0.039886363636363775
