19 0.34875 0.865 0.019983552631578916 0.03998355263157882
14 0.40249999999999997 0.62625 0.022491610738255063 0.02999161073825507
20 0.18 0.2025 0.02745689655172412 0.02995689655172415
03 0.029375 0.460625 0.033744444444444445 0.026244444444444515
03 0.3825 0.460625 0.02498809523809531 0.016238095238095274
14 0.630625 0.011874999999999998 0.06374297752808977 0.018742977528089885
20 0.818125 0.6812499999999999 0.031245098039215602 0.01999509803921573
04 0.281875 0.375625 0.036206896551724155 0.028706896551724148
03 0.68875 0.796875 0.032478448275862215 0.053728448275862206
12 0.21437499999999998 0.6412500000000001 0.04363636363636367 0.039886363636363664
