20 0.13874999999999998 0.7175 0.019983552631578944 0.019983552631578916
15 0.19687709731543623 0.34249790268456376 0.013745805369127506 0.009995805369127475
03 0.26375 0.76875 0.012456896551724106 0.029956896551724177
06 0.62375 0.45625000000000004 0.03499444444444444 0.05999444444444452
03 0.170625 0.28375 0.018738095238095276 0.02248809523809525
01 0.026250000000000002 0.849375 0.02249297752808989 0.02124297752808979
20 0.9393750000000001 0.033125 0.021245098039215704 0.018745098039215688
03 0.6599999999999999 0.8887499999999999 0.019956896551724168 0.019956896551724168
06 0.788125 0.163125 0.01622844827586223 0.08372844827586205
20 0.8425 0.670625 0.029886363636363766 0.026136363636363735
06 0.276875 0.47687500000000005 0.01123579545454545 0.02373579545454546
04 0.553125 0.085625 0.028719512195122032 0.01371951219512195
10 0.11125 0.34875 0.017482142857142863 0.017482142857142835
20 0.5975 0.1775 0.019987500000000047 0.02248750000000002
