03 0.34187500000000004 0.218125 0.018733552631578887 0.048733552631579
04 0.361875 0.053125 0.03624161073825505 0.03374161073825503
03 0.475 0.525 0.04245689655172413 0.03495689655172418
03 0.438125 0.04 0.018744444444444508 0.04499444444444445
08 0.361875 0.32625000000000004 0.08873809523809528 0.07248809523809524
03 0.62 0.563125 0.0474929775280899 0.23374297752808987
12 0.3025 0.568125 0.0449950980392157 0.04874509803921567
08 0.831875 0.6112500000000001 0.046206896551724164 0.02495689655172406
20 0.7268749999999999 0.1975 0.02372844827586229 0.019978448275862065
06 0.37312500000000004 0.19437500000000002 0.08613636363636362 0.08613636363636365
03 0.190625 0.87625 0.03623579545454547 0.037485795454545334
06 0.11500000000000002 0.514375 0.10996951219512197 0.09871951219512193
18 0.1275 0.625625 0.024982142857142856 0.02873214285714276
