08 0.43812911184210523 0.63125 0.006241776315789427 0.03498355263157893
03 0.07625000000000001 0.9281250000000001 0.019991610738255047 0.01624161073825492
11 0.058125 0.104375 0.018706896551724153 0.018706896551724125
03 0.830625 0.27125 0.03874444444444436 0.03249444444444444
03 0.5237499999999999 0.37187499999999996 0.03498809523809532 0.013738095238095271
03 0.393125 0.25875000000000004 0.016242977528089897 0.034992977528089886
03 0.4275 0.47624999999999995 0.03749509803921569 0.02499509803921568
00 0.20875 0.24875 0.02745689655172412 0.024956896551724117
14 0.81 0.075625 0.01997844827586215 0.028728448275862066
03 0.69625 0.5918749999999999 0.014886363636363753 0.011136363636363611
