07 0.7287541118421053 0.21125 0.05499177631578944 0.02998355263157898
03 0.44 0.550625 0.024991610738255066 0.08874161073825504
19 0.734375 0.06 0.04370689655172422 0.01995689655172414
04 0.485 0.485 0.0374944444444445 0.027494444444444488
13 0.14875 0.6812499999999999 0.09748809523809523 0.12748809523809512
03 0.7931250000000001 0.3875 0.06624297752808983 0.029992977528089826
04 0.2425 0.30874999999999997 0.03749509803921569 0.03499509803921569
03 0.941875 0.7075 0.07870689655172414 0.12245689655172409
18 0.313125 0.785 0.031228448275862075 0.03497844827586216
03 0.264375 0.513125 0.03613636363636369 0.02113636363636362
06 0.928125 0.496875 0.01873579545454529 0.10873579545454548
06 0.5706326219512194 0.091875 0.07373475609756108 0.07871951219512194
01 0.3125 0.586875 0.0424821428571428 0.028732142857142873
14 0.3725 0.15437499999999998 0.06498749999999998 0.046237500000000015
