08 0.385 0.3025 0.04498355263157894 0.01748355263157897
06 0.25187499999999996 0.310625 0.023741610738255037 0.021241610738255035
07 0.389385775862069 0.9550000000000001 0.07872844827586206 0.029956896551724177
20 0.59375 0.669375 0.01749444444444448 0.01874444444444434
01 0.611875 0.284375 0.016238095238095274 0.016238095238095274
13 0.800625 0.928125 0.07124297752808983 0.061242977528089826
14 0.92125 0.955 0.04499509803921575 0.06749509803921572
04 0.071875 0.5562499999999999 0.031206896551724143 0.019956896551724168
10 0.623125 0.150625 0.028728448275862073 0.02372844827586207
03 0.88625 0.72125 0.01738636363636381 0.04488636363636378
13 0.40625 0.27 0.06498579545454541 0.062485795454545495
