04 0.46499999999999997 0.8987499999999999 0.03998355263157888 0.03498355263157882
18 0.131875 0.286875 0.02874161073825504 0.031241610738255043
20 0.23625000000000002 0.68375 0.017456896551724138 0.01745689655172411
20 0.868125 0.70625 0.021244444444444288 0.022494444444444373
06 0.380625 0.2625 0.12873809523809526 0.08998809523809528
08 0.901875 0.620625 0.04124297752808981 0.026242977528089906
03 0.409375 0.829375 0.021245098039215704 0.056245098039215735
03 0.075 0.32999999999999996 0.04245689655172414 0.054956896551724144
01 0.755 0.8375 0.02997844827586227 0.024978448275862153
08 0.8512500000000001 0.270625 0.04488636363636378 0.07363636363636364
06 0.08250355113636364 0.448125 0.032492897727272735 0.041235795454545476
12 0.24875 0.7849999999999999 0.079969512195122 0.07746951219512199
08 0.2525 0.190625 0.059982142857142845 0.02123214285714284
10 0.135625 0.61 0.041237500000000024 0.029987500000000056
