10 0.043125000000000004 0.5231250000000001 0.016233552631578954 0.016233552631578996
14 0.18749790268456376 0.385625 0.02999580536912755 0.018741610738255088
00 0.48750000000000004 0.56375 0.019956896551724113 0.012456896551724106
06 0.10125 0.35750000000000004 0.03249444444444445 0.034994444444444495
03 0.336875 0.43125 0.016238095238095274 0.014988095238095245
09 0.463125 0.495 0.01624297752808984 0.024992977528089877
09 0.195625 0.2075 0.013745098039215697 0.029995098039215684
20 0.4525 0.36875 0.024956896551724117 0.024956896551724117
20 0.8775 0.258125 0.00997844827586214 0.008728448275862055
03 0.07875 0.2093465909090909 0.017386363636363644 0.01619318181818183
03 0.34062499999999996 0.525625 0.018735795454545456 0.016235795454545454
15 0.505625 0.835 0.006219512195122068 0.014969512195121992
15 0.891875 0.3325 0.02123214285714281 0.029982142857142846
