00 0.21125 0.51125 0.04748355263157897 0.034983552631578874
03 0.930625 0.12437500000000001 0.04374161073825489 0.028741610738255055
14 0.80125 0.30625 0.06745689655172415 0.05995689655172415
03 0.721875 0.28875 0.06624444444444444 0.10999444444444448
03 0.415625 0.169375 0.02373809523809528 0.04873809523809525
08 0.199375 0.803125 0.06874297752808983 0.026242977528089906
19 0.108125 0.31875 0.061245098039215684 0.0499950980392157
03 0.82125 0.726875 0.07995689655172411 0.06870689655172413
03 0.94 0.558125 0.03747844827586222 0.043728448275862086
04 0.111875 0.4175 0.06363636363636362 0.06238636363636357
00 0.928125 0.07500000000000001 0.05123579545454526 0.03998579545454546
15 0.5131249999999999 0.32999999999999996 0.04121951219512193 0.034969512195121955
