15 0.85625 0.5662499999999999 0.047483552631578885 0.06498355263157884
20 0.79125 0.63625 0.03999161073825497 0.03999161073825497
03 0.46125 0.7 0.04745689655172414 0.03495689655172407
06 0.3281236111111111 0.5237499999999999 0.12124722222222223 0.08499444444444448
18 0.87125 0.700625 0.04748809523809516 0.048738095238095025
08 0.176875 0.911875 0.05874297752808985 0.0312429775280898
05 0.9075012254901962 0.6268750000000001 0.04499754901960784 0.056245098039215624
03 0.609375 0.6168750000000001 0.05870689655172412 0.07120689655172419
01 0.5306249999999999 0.91625 0.043728448275862086 0.024978448275862153
13 0.334375 0.783125 0.17363636363636362 0.03113636363636374
02 0.10875 0.41125 0.07998579545454546 0.04248579545454545
18 0.27125 0.38875000000000004 0.03246951219512195 0.034969512195121955
09 0.791875 0.916875 0.04873214285714278 0.03373214285714288
02 0.2525 0.655625 0.05248750000000002 0.043737499999999985
