00 0.59625 0.495 0.03498355263157882 0.02998355263157887
20 0.5874999999999999 0.699375 0.03249161073825502 0.02374161073825487
11 0.824375 0.566875 0.026206896551724146 0.026206896551724146
08 0.211875 0.16749999999999998 0.051244444444444426 0.022494444444444456
03 0.248125 0.47750000000000004 0.038738095238095294 0.03498809523809526
03 0.89 0.10250000000000001 0.14999297752808993 0.0474929775280899
03 0.074375 0.890625 0.04374509803921569 0.04124509803921561
05 0.5225 0.14937499999999998 0.02495689655172406 0.026206896551724118
03 0.7731250000000001 0.2887446120689655 0.021228448275862122 0.009989224137931019
03 0.47 0.686875 0.034886363636363604 0.013636363636363669
03 0.16 0.291875 0.08498579545454549 0.051235795454545485
20 0.691875 0.77625 0.03121951219512198 0.019969512195121997
05 0.484375 0.220625 0.016232142857142806 0.04373214285714283
03 0.101875 0.8981250000000001 0.03373750000000002 0.023737500000000078
