14 0.5918749999999999 0.0425 0.03873355263157896 0.057483552631578956
15 0.4275 0.809375 0.042491610738255026 0.06624161073825496
06 0.43062500000000004 0.30874999999999997 0.07120689655172413 0.012456896551724161
03 0.950625 0.18125 0.031244444444444297 0.03249444444444444
03 0.015 0.9437500000000001 0.027488095238095235 0.05248809523809517
08 0.468125 0.355625 0.05624297752808988 0.03374297752808986
02 0.515625 0.31875 0.051245098039215675 0.032495098039215686
11 0.754375 0.31437499999999996 0.028706896551724093 0.03870689655172416
04 0.504375 0.109375 0.03872844827586208 0.02622844827586207
07 0.806875 0.885 0.018636363636363784 0.0698863636363638
05 0.05187855113636363 0.048125 0.038742897727272727 0.041235795454545456
18 0.9225000000000001 0.14 0.024969512195122 0.02746951219512192
09 0.453125 0.0575 0.03123214285714282 0.024982142857142856
