06 0.29 0.61125 0.03748355263157899 0.03498355263157893
20 0.831875 0.8275 0.021241610738254924 0.022491610738254897
06 0.43937499999999996 0.734375 0.03870689655172416 0.07870689655172414
03 0.3725 0.635 0.05249444444444451 0.019994444444444426
03 0.805625 0.87875 0.013738095238095105 0.027488095238095145
00 0.8375 0.964375 0.049992977528089844 0.043742977528089866
03 0.371875 0.155 0.06374509803921569 0.052495098039215704
18 0.50375 0.3125 0.027456896551724175 0.029956896551724177
18 0.5725 0.951875 0.024978448275862153 0.028728448275862184
06 0.703125 0.500625 0.08113636363636378 0.08363636363636368
