10 0.231875 0.32499999999999996 0.021233552631578972 0.022483552631578918
10 0.393125 0.398125 0.018741610738255088 0.01624161073825503
06 0.623125 0.776239224137931 0.06870689655172413 0.029978448275862046
06 0.351875 0.358125 0.023744444444444457 0.02624444444444446
03 0.38312500000000005 0.9575 0.02373809523809528 0.012488095238095132
07 0.05625175561797753 0.196875 0.027496488764044952 0.011242977528089837
13 0.8825000000000001 0.9468749999999999 0.014995098039215615 0.04124509803921572
12 0.838125 0.940625 0.026206896551724146 0.028706896551724204
05 0.45499999999999996 0.979375 0.017478448275862035 0.038728448275862304
03 0.8062784090909091 0.8275 0.039943181818181905 0.02738636363636382
03 0.26749999999999996 0.7 0.027485795454545492 0.019985795454545374
01 0.343125 0.546875 0.016219512195121966 0.018719512195122023
06 0.04125 0.273125 0.07248214285714286 0.036232142857142824
