01 0.78 0.046875 0.012483552631578854 0.013733552631578952
09 0.5218729026845638 0.22 0.031245805369127577 0.01999161073825506
20 0.941875 0.885625 0.026206896551724146 0.02120689655172403
13 0.870625 0.2475 0.10124444444444436 0.04249444444444442
08 0.0406220238095238 0.49250000000000005 0.03874404761904761 0.022488095238095307
06 0.48250000000000004 0.065 0.09249297752808988 0.007492977528089889
06 0.14 0.48875 0.052495098039215676 0.0499950980392157
03 0.05437500000000001 0.853125 0.02370689655172415 0.026206896551724146
15 0.745625 0.12125 0.03122844827586224 0.01997844827586208
02 0.33125 0.9725 0.012386363636363584 0.039886363636363775
00 0.194375 0.33375 0.031235795454545467 0.022485795454545432
16 0.35187500000000005 0.50625 0.028719512195121977 0.02996951219512195
08 0.4956294642857143 0.86 0.006241071428571443 0.014982142857142833
06 0.5675 0.39 0.0174875000000001 0.012487499999999985
