09 0.353125 0.763125 0.038733552631578905 0.043733552631578854
03 0.35187500000000005 0.28874999999999995 0.03874161073825505 0.05999161073825504
13 0.28875 0.59625 0.16245689655172413 0.06245689655172415
06 0.59125 0.328125 0.06749444444444441 0.12124444444444443
20 0.14250000000000002 0.6499999999999999 0.04248809523809524 0.034988095238095096
03 0.6056250000000001 0.30375 0.0887429775280898 0.05499297752808985
06 0.040625 0.725625 0.07624509803921568 0.11624509803921568
12 0.293125 0.760625 0.10620689655172413 0.11870689655172417
18 0.90125 0.510625 0.032478448275862215 0.03372844827586202
03 0.031875 0.353125 0.03363636363636363 0.03613636363636358
16 0.918125 0.92625 0.04623579545454537 0.08498579545454532
03 0.72 0.55 0.12746951219512193 0.029969512195121895
