03 0.8512500000000001 0.52125 0.01748355263157897 0.027483552631578867
03 0.379375 0.349375 0.02624161073825504 0.04874161073825506
06 0.251875 0.1325 0.12120689655172415 0.04245689655172413
11 0.425 0.7887500000000001 0.05249444444444451 0.027494444444444377
08 0.09125 0.298125 0.04748809523809523 0.0487380952380953
07 0.6187482443820225 0.620625 0.039996488764044935 0.08124297752808984
14 0.826876225490196 0.24625000000000002 0.026247549019607797 0.0799950980392157
03 0.30062500000000003 0.63 0.08120689655172414 0.039956896551724075
03 0.22312500000000002 0.484375 0.038728448275862054 0.028728448275862073
18 0.926875 0.113125 0.033636363636363686 0.03613636363636363
14 0.478125 0.41625 0.038735795454545474 0.02498579545454549
17 0.338125 0.8668750000000001 0.056219512195122 0.043719512195122046
