03 0.73375 0.85375 0.03498355263157893 0.029983552631578814
08 0.86375 0.479375 0.04749161073825492 0.02624161073825504
14 0.540625 0.81875 0.028706896551724093 0.02745689655172412
10 0.9175 0.33625 0.02499444444444432 0.01749444444444448
06 0.24 0.7025 0.017488095238095275 0.024988095238095198
06 0.9681232443820225 0.72 0.036246488764045015 0.06499297752808986
11 0.975 0.7250000000000001 0.027495098039215682 0.022495098039215677
03 0.46498922413793103 0.473125 0.024978448275862042 0.028706896551724148
18 0.436875 0.036875 0.016228448275862062 0.018728448275862068
03 0.934375 0.04625 0.026136363636363735 0.027386363636363632
03 0.14125 0.881875 0.04248579545454548 0.026235795454545352
01 0.7893749999999999 0.864375 0.02871951219512192 0.02121951219512197
09 0.7306250000000001 0.36624999999999996 0.02123214285714281 0.03248214285714285
03 0.7925 0.20375 0.02498749999999994 0.014987500000000015
