04 0.16625 0.878125 0.03498355263157893 0.031233552631578898
08 0.073125 0.018750000000000003 0.04374161073825504 0.029991610738255035
13 0.754375 0.69625 0.07120689655172407 0.08995689655172412
07 0.7 0.9549986111111111 0.04499444444444434 0.019997222222222222
03 0.703125 0.580625 0.02623809523809517 0.043738095238095354
03 0.29625 0.12437500000000001 0.022492977528089875 0.0687429775280899
04 0.95375 0.611875 0.024995098039215735 0.018745098039215757
18 0.5125 0.35124999999999995 0.022456896551724115 0.024956896551724117
01 0.208125 0.7268749999999999 0.03372844827586208 0.026228448275862237
13 0.38187499999999996 0.493125 0.038636363636363635 0.1361363636363636
20 0.22125 0.94 0.022485795454545487 0.02248579545454532
07 0.6006173780487805 0.7906173780487805 0.05623475609756101 0.03123475609756099
