01 0.638125 0.2125 0.02873355263157895 0.01748355263157897
18 0.23125 0.133125 0.024991610738255038 0.02624161073825504
03 0.30562500000000004 0.72 0.028706896551724148 0.05495689655172409
18 0.650625 0.623125 0.023744444444444457 0.026244444444444515
10 0.21375 0.861875 0.03498809523809526 0.03373809523809512
00 0.610625 0.736875 0.05124297752808982 0.05124297752808993
15 0.578125 0.42562500000000003 0.013745098039215753 0.03874509803921572
15 0.405 0.5525 0.03745689655172413 0.0699568965517241
08 0.36125 0.76875 0.012478448275862086 0.029978448275862157
01 0.23625000000000002 0.105625 0.019886363636363674 0.01863636363636363
