06 0.77625 0.48750000000000004 0.04998355263157883 0.08998355263157892
03 0.711875 0.600625 0.018741610738254866 0.031241610738255043
06 0.73375 0.314375 0.08245689655172406 0.02120689655172414
03 0.6375 0.7112499999999999 0.03249444444444438 0.017494444444444368
03 0.223125 0.48875 0.018738095238095276 0.03248809523809526
10 0.9637482443820224 0.13874999999999998 0.02749648876404498 0.0199929775280899
11 0.684375 0.5231250000000001 0.031245098039215713 0.028745098039215766
03 0.205625 0.6387499999999999 0.023706896551724144 0.032456896551724124
18 0.6575 0.59625 0.0174784482758622 0.01997844827586215
02 0.464375 0.869375 0.03363636363636363 0.018636363636363784
03 0.389375 0.2475 0.04873579545454548 0.02498579545454549
03 0.10062499999999999 0.671875 0.01371951219512195 0.033719512195121926
06 0.156875 0.42625 0.026232142857142843 0.017482142857142835
