20 0.24812499999999998 0.45687500000000003 0.021233552631578972 0.018733552631578887
06 0.468125 0.911875 0.03624161073825505 0.07124161073825497
00 0.8025 0.655 0.024956896551724173 0.022456896551724115
03 0.9375 0.63625 0.022494444444444373 0.03499444444444444
05 0.678125 0.033125 0.028738095238095118 0.021238095238095236
03 0.4375 0.30374999999999996 0.032492977528089884 0.03999297752808989
08 0.11562499999999999 0.736875 0.031245098039215685 0.05124509803921573
03 0.94625 0.245 0.05495689655172409 0.02995689655172415
10 0.105625 0.4375 0.018728448275862064 0.019978448275862037
02 0.48625 0.17875000000000002 0.029886363636363655 0.02488636363636368
