03 0.428125 0.389375 0.0362335526315789 0.05873355263157892
06 0.58125 0.50625 0.0699916107382551 0.017491610738255003
02 0.361875 0.954375 0.02120689655172414 0.02120689655172414
00 0.12062500000000001 0.42875 0.028744444444444475 0.022494444444444484
06 0.5124970238095238 0.42625 0.039994047619047624 0.06498809523809529
03 0.62 0.559375 0.014992977528089924 0.018742977528089844
00 0.769375 0.476875 0.02624509803921571 0.028745098039215655
06 0.6443749999999999 0.869375 0.023706896551724088 0.011206896551724133
03 0.383125 0.81625 0.0637284482758621 0.012478448275862197
14 0.0575 0.5862499999999999 0.02988636363636364 0.04238636363636361
