05 0.715 0.144375 0.02498355263157892 0.04623355263157895
02 0.7106250000000001 0.58375 0.04124161073825483 0.05749161073825504
03 0.46375 0.72375 0.03995689655172413 0.04745689655172414
20 0.12187500000000001 0.46125000000000005 0.031244444444444477 0.024994444444444486
03 0.7350029761904762 0.241875 0.02999404761904756 0.023738095238095253
03 0.339375 0.21625 0.018742977528089844 0.05499297752808985
07 0.278125 0.8587499999999999 0.03624509803921572 0.1049950980392157
03 0.521875 0.045625 0.05370689655172417 0.018706896551724146
01 0.883125 0.7949999999999999 0.0437284482758622 0.029978448275862157
03 0.154375 0.6074999999999999 0.048636363636363644 0.029886363636363655
