08 0.79125 0.84125 0.029983552631578814 0.03748355263157899
03 0.87875 0.6737500000000001 0.032491610738254906 0.05749161073825493
15 0.736875 0.7275 0.028706896551724204 0.04245689655172413
18 0.553125 0.864375 0.018744444444444452 0.0212444444444444
04 0.061875 0.65875 0.026238095238095227 0.029988095238095203
03 0.14250000000000002 0.955 0.03249297752808991 0.049992977528089844
03 0.8875 0.9668749999999999 0.014995098039215615 0.013745098039215642
07 0.85625 0.5943750000000001 0.022456896551724115 0.07370689655172413
07 0.865 0.57625 0.10997844827586212 0.01747844827586209
18 0.27375 0.27 0.019886363636363646 0.02238636363636365
20 0.229375 0.46375 0.02373579545454546 0.02498579545454549
18 0.15500000000000003 0.15500000000000003 0.01996951219512197 0.02246951219512197
20 0.49749999999999994 0.03625 0.024982142857142786 0.017482142857142852
18 0.17875000000000002 0.27 0.01998750000000002 0.022487499999999994
