03 0.5575 0.506875 0.022483552631578974 0.031233552631578898
05 0.9668749999999999 0.13625 0.018741610738254866 0.047491610738255044
10 0.75625 0.29875 0.039956896551724075 0.03745689655172413
03 0.6699999999999999 0.065625 0.027494444444444377 0.061244444444444456
19 0.65875 0.72625 0.034988095238095096 0.017488095238095136
06 0.32375 0.6637500000000001 0.07499297752808987 0.03499297752808983
05 0.511875 0.109375 0.028745098039215655 0.031245098039215685
14 0.2575 0.531875 0.022456896551724115 0.0387068965517241
09 0.6681250000000001 0.47250000000000003 0.07622844827586206 0.034978448275862106
10 0.860625 0.8500000000000001 0.028636363636363793 0.024886363636363762
03 0.6387499999999999 0.87625 0.03498579545454539 0.054985795454545294
00 0.406875 0.6275 0.03121951219512198 0.027469512195121948
15 0.694375 0.3825 0.05123214285714284 0.049982142857142864
06 0.580625 0.155 0.008737499999999954 0.0324875
