19 0.7012499999999999 0.923125 0.03248355263157887 0.016233552631578885
08 0.026875 0.765625 0.00874161073825503 0.018741610738254977
20 0.429375 0.766875 0.02120689655172414 0.018706896551724084
10 0.38375 0.338125 0.0374944444444445 0.018744444444444508
15 0.7806220238095238 0.291875 0.03374404761904748 0.021238095238095278
18 0.41437500000000005 0.785 0.01624297752808984 0.019992977528089817
06 0.86875 0.303125 0.07749509803921573 0.023745098039215706
10 0.6125 0.720625 0.02495689655172406 0.026206896551724146
10 0.224375 0.17625000000000002 0.018728448275862064 0.017478448275862063
03 0.4575 0.813125 0.009886363636363582 0.03113636363636374
12 0.06625 0.33187500000000003 0.05498579545454546 0.05123579545454543
15 0.8674999999999999 0.4475 0.022469512195122054 0.03746951219512196
04 0.81125 0.21125 0.03248214285714279 0.02498214285714284
