03 0.705 0.685 0.02498355263157892 0.06498355263157884
06 0.250625 0.630625 0.01874161073825506 0.038741610738254995
11 0.037500000000000006 0.22875 0.04245689655172414 0.03745689655172413
03 0.5075 0.6756249999999999 0.027494444444444432 0.07124444444444433
14 0.669375 0.808125 0.031238095238095176 0.04623809523809519
11 0.614375 0.471875 0.04874297752808987 0.028742977528089853
03 0.683125 0.0775 0.05374509803921568 0.054995098039215685
18 0.926875 0.765625 0.028706896551724093 0.03120689655172404
09 0.424375 0.353125 0.053728448275862095 0.03622844827586208
14 0.161875 0.164375 0.07113636363636364 0.031136363636363656
14 0.364375 0.831875 0.06873579545454545 0.0287357954545453
18 0.6725 0.06875 0.029969512195122006 0.03246951219512194
06 0.1275 0.5818749999999999 0.10748214285714283 0.02123214285714281
00 0.5237499999999999 0.721875 0.04998749999999996 0.04873749999999999
