02 0.521875 0.9368749999999999 0.03873355263157885 0.08373355263157889
08 0.6599999999999999 0.543125 0.017491610738254892 0.02624161073825504
03 0.226875 0.445625 0.03620689655172413 0.03120689655172415
08 0.663125 0.20625 0.02874444444444435 0.014994444444444421
03 0.879375 0.88625 0.0712380952380951 0.08998809523809514
01 0.690625 0.678125 0.018742977528089844 0.018742977528089844
08 0.888125 0.8912487745098039 0.018745098039215757 0.022497549019607876
06 0.95 0.860625 0.04245689655172413 0.05620689655172417
20 0.14500000000000002 0.64875 0.02497844827586207 0.022478448275862206
03 0.5293749999999999 0.18625 0.043636363636363584 0.029886363636363655
03 0.47375 0.03874999999999999 0.027485795454545436 0.022485795454545453
09 0.21000000000000002 0.9475 0.01996951219512197 0.029969512195122006
10 0.49125 0.826875 0.019982142857142837 0.02123214285714281
14 0.596875 0.326875 0.03373750000000009 0.02623749999999997
