04 0.6174999999999999 0.5025 0.02498355263157881 0.022483552631578863
12 0.350625 0.219375 0.02624161073825504 0.02874161073825507
15 0.978125 0.6275 0.018706896551724084 0.019956896551724168
03 0.43125 0.88375 0.024994444444444486 0.009994444444444306
03 0.45499999999999996 0.2925 0.012488095238095298 0.014988095238095245
14 0.7012499999999999 0.93875 0.012492977528089866 0.012492977528089866
01 0.226875 0.359375 0.0162450980392157 0.013745098039215642
15 0.21125 0.53625 0.01995689655172414 0.012456896551724217
01 0.080625 0.334375 0.011228448275862057 0.011228448275862057
06 0.683125 0.643125 0.04863636363636381 0.03113636363636363
18 0.358125 0.840625 0.013735795454545452 0.016235795454545343
