12 0.52875 0.15812500000000002 0.047483552631578996 0.05623355263157895
04 0.31937499999999996 0.205625 0.04874161073825506 0.031241610738255043
06 0.39438577586206897 0.22125 0.02372844827586207 0.032456896551724124
18 0.478125 0.40437500000000004 0.03374444444444452 0.03624444444444447
03 0.305 0.6793750000000001 0.10498809523809527 0.021238095238095167
15 0.67 0.961875 0.049992977528089844 0.05624297752808982
03 0.21 0.43937499999999996 0.042495098039215695 0.041245098039215666
08 0.506875 0.6999892241379311 0.04620689655172411 0.07497844827586209
03 0.18 0.485 0.06747844827586205 0.049978448275862064
04 0.8125 0.37625 0.04488636363636367 0.03988636363636361
