02 0.91625 0.278125 0.014983552631578911 0.02873355263157895
18 0.8825000000000001 0.24625 0.014991610738254946 0.01749161073825506
07 0.7949999999999999 0.20500000000000002 0.022456896551724115 0.06745689655172413
06 0.599375 0.286875 0.04124444444444442 0.008744444444444444
20 0.208125 0.254375 0.016238095238095274 0.013738095238095271
20 0.951875 0.135 0.0212429775280899 0.0199929775280899
13 0.1125 0.795625 0.0849950980392157 0.05124509803921573
06 0.121875 0.6012500000000001 0.01870689655172411 0.032456896551724124
09 0.15625 0.36375 0.014978448275862088 0.024978448275862097
03 0.35875 0.77875 0.01988636363636359 0.06738636363636374
10 0.6225 0.7518750000000001 0.017485795454545427 0.0187357954545454
05 0.19374999999999998 0.316875 0.029969512195121978 0.02121951219512197
16 0.3675 0.793125 0.03248214285714279 0.036232142857142824
