08 0.15125 0.16062500000000002 0.03998355263157896 0.043733552631578965
05 0.761875 0.95875 0.031241610738254932 0.02999161073825496
03 0.236875 0.5475 0.033706896551724125 0.08245689655172406
12 0.745625 0.69125 0.05374444444444437 0.0524944444444444
18 0.84375 0.62875 0.02248809523809503 0.02498809523809542
03 0.32375 0.40937500000000004 0.024992977528089877 0.03624297752808986
03 0.668125 0.930625 0.038745098039215664 0.04124509803921572
01 0.595 0.249375 0.019956896551724168 0.013706896551724107
12 0.67125 0.35624999999999996 0.042478448275862224 0.052478448275862066
06 0.19875 0.241875 0.09238636363636366 0.08363636363636365
20 0.080625 0.11 0.02373579545454546 0.027485795454545464
04 0.900625 0.07875 0.026219512195121975 0.01746951219512194
