08 0.698125 0.64125 0.053733552631578974 0.02498355263157892
03 0.579375 0.34187500000000004 0.01624161073825503 0.02874161073825504
10 0.911875 0.5225 0.01370689655172419 0.014956896551724164
03 0.48250000000000004 0.29125 0.024994444444444486 0.02499444444444443
01 0.37812500000000004 0.4475 0.03373809523809529 0.02248809523809525
07 0.136875 0.518125 0.06124297752808988 0.04624297752808981
03 0.28375 0.48375 0.027495098039215682 0.05749509803921571
03 0.6756249999999999 0.70875 0.02120689655172414 0.022456896551724115
05 0.631875 0.7625 0.016228448275862006 0.03497844827586227
07 0.361875 0.485625 0.02113636363636362 0.0586363636363636
03 0.36187499999999995 0.12375 0.03373579545454547 0.047485795454545454
03 0.7268749999999999 0.590625 0.02871951219512192 0.03871951219512193
06 0.058750000000000004 0.9449955357142856 0.06998214285714287 0.044991071428571394
03 0.89625 0.43625 0.027487499999999998 0.0299875
