11 0.09312499999999999 0.11374999999999999 0.03123355263157894 0.022483552631578932
20 0.74625 0.46125000000000005 0.012491610738254888 0.012491610738255055
15 0.6343749999999999 0.09187500000000001 0.011206896551724133 0.018706896551724125
15 0.3025 0.94875 0.017494444444444424 0.03499444444444433
06 0.9368779761904762 0.7250000000000001 0.018744047619047577 0.024988095238095087
05 0.134375 0.3325 0.031242977528089896 0.03749297752808983
12 0.41374999999999995 0.620625 0.03499509803921569 0.03374509803921566
15 0.255625 0.75125 0.03620689655172413 0.049956896551724084
06 0.9281250000000001 0.72875 0.09122844827586218 0.014978448275862144
06 0.861875 0.130625 0.036136363636363744 0.013636363636363641
11 0.823125 0.653125 0.03623579545454536 0.023735795454545294
11 0.544375 0.325 0.03121951219512198 0.029969512195122006
03 0.224375 0.201875 0.026232142857142843 0.028732142857142817
00 0.024375 0.871875 0.0287375 0.018737499999999963
