13 0.10749999999999998 0.208125 0.06498355263157894 0.06373355263157898
04 0.113125 0.169375 0.02124161073825505 0.02874161073825504
07 0.823125 0.259375 0.07120689655172407 0.023706896551724144
06 0.5974999999999999 0.99125 0.05499444444444446 0.017494444444444368
09 0.106875 0.784375 0.026238095238095227 0.028738095238095118
11 0.076875 0.450625 0.0187429775280899 0.0212429775280899
08 0.714375 0.351875 0.028745098039215655 0.03374509803921566
07 0.7725 0.384375 0.03495689655172407 0.048706896551724166
06 0.536875 0.49624999999999997 0.06372844827586199 0.04747844827586206
20 0.046875 0.719375 0.023636363636363636 0.023636363636363678
01 0.553125 0.47375 0.018735795454545512 0.019985795454545485
