03 0.36624999999999996 0.125 0.024983552631578865 0.01248355263157895
00 0.95625 0.8225 0.029991610738254848 0.024991610738254844
13 0.7893642241379311 0.443125 0.043728448275862086 0.05620689655172412
03 0.6187499999999999 0.545 0.012494444444444475 0.027494444444444488
15 0.114375 0.073125 0.01373809523809523 0.02623809523809524
09 0.32 0.9225 0.012492977528089866 0.024992977528089932
01 0.665 0.464375 0.014995098039215726 0.011245098039215695
03 0.438135775862069 0.43 0.02622844827586207 0.014956896551724164
06 0.023125 0.1775 0.011228448275862071 0.04497844827586206
04 0.13874999999999998 0.9212499999999999 0.024886363636363623 0.024886363636363762
