01 0.438125 0.258125 0.0362335526315789 0.036233552631578986
03 0.443125 0.69 0.023741610738255037 0.042491610738254804
08 0.4825 0.8106249999999999 0.012456896551724106 0.04120689655172416
13 0.83125 0.24625000000000002 0.08249444444444431 0.024994444444444458
02 0.31 0.45875 0.029988095238095314 0.04248809523809527
20 0.72125 0.8825000000000001 0.019992977528089928 0.01749297752808976
03 0.5725 0.1075 0.049995098039215646 0.029995098039215684
14 0.3775 0.48624999999999996 0.057456896551724146 0.044956896551724135
06 0.6687553879310344 0.353125 0.0374892241379311 0.10372844827586208
06 0.81875 0.366875 0.03238636363636371 0.011136363636363611
03 0.80375 0.329375 0.07498579545454531 0.06623579545454544
03 0.49125 0.974375 0.03496951219512201 0.03621951219512198
