04 0.763125 0.396875 0.043733552631578854 0.038733552631578905
14 0.185 0.5375 0.04499161073825503 0.06749161073825505
20 0.125 0.909375 0.04245689655172413 0.043706896551724106
03 0.219375 0.484375 0.06624444444444441 0.0787444444444445
06 0.616875 0.930625 0.13623809523809527 0.031238095238095176
18 0.52625 0.3275 0.03249297752808977 0.03499297752808983
10 0.31625000000000003 0.6481250000000001 0.03999509803921569 0.031245098039215713
01 0.641875 0.8318749999999999 0.028706896551724093 0.03120689655172415
03 0.549375 0.47875 0.04872844827586198 0.03247844827586205
14 0.6699999999999999 0.87625 0.03488636363636377 0.024886363636363762
