14 0.37875 0.315 0.0624835526315789 0.05998355263157895
03 0.519375 0.10250000000000001 0.023741610738255092 0.05499161073825504
06 0.8318749999999999 0.155 0.05120689655172417 0.014956896551724108
03 0.36624999999999996 0.131875 0.02999444444444449 0.04124444444444446
04 0.25625 0.036875000000000005 0.04248809523809524 0.04123809523809524
15 0.074375 0.529375 0.02374297752808989 0.10124297752808992
14 0.638125 0.97875 0.026245098039215597 0.01999509803921562
08 0.15813577586206895 0.7156142241379311 0.028728448275862045 0.043728448275862086
08 0.060625 0.858125 0.018728448275862064 0.05122844827586226
00 0.38875000000000004 0.12437500000000001 0.03988636363636361 0.02863636363636364
06 0.49687499999999996 0.809375 0.021235795454545403 0.05373579545454532
