00 0.483125 0.030625 0.031233552631578954 0.028733552631578948
09 0.969375 0.954375 0.04374161073825489 0.038741610738254884
01 0.56 0.493125 0.029956896551724177 0.02120689655172414
04 0.88375 0.470625 0.03249444444444438 0.026244444444444515
11 0.549375 0.645 0.031238095238095176 0.037488095238095265
03 0.655625 0.42562500000000003 0.026242977528089906 0.09874297752808986
11 0.65625 0.56875 0.03749509803921569 0.03749509803921569
09 0.52125 0.13375 0.029956896551724066 0.03495689655172414
13 0.42125 0.694375 0.10497844827586206 0.03872844827586219
03 0.864375 0.721875 0.028636363636363793 0.028636363636363682
14 0.2425 0.873125 0.012485795454545479 0.06873579545454533
11 0.27125 0.8500000000000001 0.03496951219512201 0.027469512195121948
