12 0.28125 0.6056250000000001 0.07498355263157896 0.06373355263157887
03 0.21125 0.40125 0.03749161073825505 0.03749161073825502
12 0.708125 0.7068749999999999 0.04120689655172405 0.06120689655172418
06 0.324375 0.11750000000000001 0.018744444444444452 0.03499444444444447
13 0.795625 0.24874999999999997 0.06873809523809515 0.047488095238095246
05 0.47125 0.6625000000000001 0.032492977528089884 0.022492977528089875
12 0.769375 0.52125 0.04874509803921567 0.0474950980392157
03 0.6125 0.7475 0.0649568965517241 0.02495689655172406
08 0.11875 0.75125 0.017478448275862077 0.012478448275862197
11 0.16312500000000002 0.18125 0.03863636363636366 0.03238636363636366
13 0.30125 0.400625 0.022485795454545487 0.15623579545454547
03 0.8525 0.5037499999999999 0.09746951219512201 0.057469512195121975
12 0.7275 0.375625 0.04498214285714286 0.03373214285714282
00 0.61375 0.9625 0.03498749999999995 0.019987500000000047
