00 0.4125 0.3575 0.03248355263157893 0.029983552631578925
14 0.26875000000000004 0.060000000000000005 0.012491610738255055 0.047491610738255044
07 0.803125 0.684375 0.008706896551724075 0.05620689655172406
18 0.185 0.5449999999999999 0.017494444444444424 0.019994444444444537
19 0.12625 0.366875 0.014988095238095245 0.02873809523809523
07 0.09125 0.649375 0.02499297752808989 0.09374297752808991
14 0.986875 0.08374999999999999 0.011245098039215695 0.027495098039215696
06 0.6699999999999999 0.233125 0.00995689655172416 0.026206896551724146
16 0.534375 0.846875 0.03872844827586208 0.026228448275862237
14 0.924375 0.0325 0.011136363636363833 0.044886363636363634
08 0.93125 0.19374999999999998 0.027485795454545325 0.03748579545454547
14 0.75875 0.5387500000000001 0.05496951219512203 0.03496951219512201
11 0.025 0.8431249999999999 0.02998214285714286 0.03123214285714282
08 0.13874999999999998 0.701875 0.024987500000000024 0.04123750000000004
