12 0.19 0.2 0.01998355263157897 0.024983552631578976
20 0.5974999999999999 0.31 0.01999161073825506 0.022491610738255008
19 0.54625 0.35 0.019956896551724057 0.014956896551724108
03 0.925 0.935 0.02499444444444443 0.019994444444444315
04 0.44375 0.7775000000000001 0.014988095238095245 0.02248809523809514
19 0.975 0.935 0.029992977528089826 0.027492977528089768
15 0.32 0.85625 0.052495098039215704 0.017495098039215673
18 0.071875 0.4675 0.011206896551724146 0.014956896551724108
10 0.215625 0.354375 0.018728448275862064 0.016228448275862062
06 0.620625 0.406875 0.016136363636363615 0.016136363636363615
03 0.4 0.54375 0.024985795454545434 0.009985795454545476
20 0.9775 0.48625 0.014969512195121992 0.014969512195121992
