06 0.7268749999999999 0.235625 0.003733552631578818 0.07123355263157899
20 0.35375 0.065625 0.014991610738255057 0.013741610738255035
19 0.208125 0.635 0.013706896551724135 0.029956896551724066
13 0.869375 0.3225 0.031244444444444408 0.05749444444444446
03 0.22499999999999998 0.05 0.02248809523809528 0.012488095238095236
03 0.2125 0.34187500000000004 0.04499297752808984 0.02624297752808985
07 0.17125122549019606 0.20500000000000002 0.019997549019607846 0.062495098039215685
13 0.219375 0.6225 0.046206896551724136 0.05245689655172414
03 0.17625538793103449 0.676875 0.029989224137931036 0.018728448275862286
06 0.04125 0.08687500000000001 0.019886363636363633 0.013636363636363627
03 0.113125 0.915 0.01873579545454547 0.03248579545454533
