12 0.615 0.5506249999999999 0.04248355263157899 0.051233552631578916
03 0.2893729026845637 0.10062499999999999 0.04124580536912753 0.018741610738255046
19 0.54125 0.03875000000000001 0.024956896551724173 0.02745689655172414
03 0.388125 0.174375 0.05874444444444449 0.028744444444444406
09 0.8787499999999999 0.34875 0.024988095238095087 0.04248809523809527
20 0.185 0.051875000000000004 0.022492977528089875 0.018742977528089892
08 0.170625 0.7675000000000001 0.041245098039215666 0.052495098039215704
03 0.170625 0.691875 0.04870689655172411 0.046206896551724164
10 0.8275 0.348125 0.022478448275862206 0.021228448275862066
10 0.778125 0.816875 0.028636363636363682 0.023636363636363678
09 0.77 0.03812499999999999 0.019985795454545263 0.053735795454545446
12 0.87 0.8943749999999999 0.06246951219512198 0.06621951219512201
03 0.313125 0.610625 0.05623214285714284 0.03373214285714288
