03 0.659375 0.528125 0.013733552631578827 0.016233552631578885
13 0.609375 0.191875 0.018741610738254977 0.031241610738255043
18 0.455625 0.829375 0.016206896551724137 0.018706896551724084
03 0.17875 0.7849999999999999 0.014994444444444421 0.017494444444444368
13 0.24375 0.315 0.09248809523809526 0.029988095238095314
07 0.24375175561797754 0.791875 0.027496488764044924 0.028742977528089853
18 0.9524999999999999 0.9175 0.012495098039215669 0.014995098039215726
11 0.233125 0.040625 0.023706896551724144 0.031206896551724136
03 0.07875 0.813125 0.03497844827586206 0.03122844827586224
04 0.850625 0.040625 0.018636363636363673 0.01613636363636363
12 0.85125 0.30125 0.037485795454545334 0.02998579545454544
04 0.199375 0.525625 0.02121951219512197 0.02121951219512197
18 0.9475 0.16125 0.014982142857142833 0.017482142857142863
