03 0.700625 0.20687499999999998 0.0462335526315788 0.07873355263157897
06 0.43062500000000004 0.23562499999999997 0.08124161073825503 0.11374161073825503
03 0.8175 0.89 0.04745689655172414 0.039956896551724075
09 0.7987500000000001 0.7324999999999999 0.04249444444444428 0.03999444444444433
03 0.34875 0.74875 0.04248809523809527 0.1024880952380951
03 0.96375 0.9199999999999999 0.02749297752808988 0.047492977528089786
03 0.690625 0.7168749999999999 0.03374509803921566 0.10374509803921572
03 0.830625 0.8087500000000001 0.10370689655172416 0.029956896551724177
02 0.36375 0.344375 0.03747844827586205 0.05622844827586204
02 0.8687499999999999 0.14750000000000002 0.02738636363636371 0.08738636363636366
04 0.961875 0.82125 0.03873579545454531 0.044985795454545285
