02 0.515625 0.280625 0.03123355263157901 0.053733552631578974
03 0.44375 0.706875 0.029991610738255015 0.03374161073825488
03 0.658125 0.75625 0.026206896551724146 0.024956896551724173
03 0.79 0.43500000000000005 0.029994444444444324 0.0399944444444445
20 0.34562499999999996 0.65875 0.02373809523809528 0.017488095238095025
20 0.7250000000000001 0.435625 0.022492977528089875 0.018742977528089844
03 0.32375 0.02875 0.032495098039215686 0.024995098039215687
03 0.7193750000000001 0.819375 0.03120689655172415 0.07870689655172414
14 0.9143749999999999 0.076875 0.03122844827586213 0.018728448275862064
20 0.365 0.20625 0.027386363636363598 0.02488636363636368
09 0.815 0.249375 0.0499857954545454 0.04623579545454548
