10 0.791875 0.41437500000000005 0.043733552631578965 0.02373355263157889
09 0.514375 0.6399999999999999 0.0337416107382551 0.05499161073825498
06 0.411875 0.7925 0.08620689655172414 0.10995689655172414
20 0.42562500000000003 0.815625 0.02624444444444446 0.023744444444444346
04 0.85875 0.156875 0.037488095238095154 0.023738095238095253
08 0.684375 0.10749999999999998 0.023742977528089848 0.04499297752808988
13 0.31062500000000004 0.406875 0.018745098039215702 0.06374509803921569
19 0.7093750000000001 0.5587500000000001 0.0337068965517241 0.05245689655172414
09 0.576875 0.116875 0.03122844827586202 0.03372844827586208
05 0.49875 0.438125 0.0298863636363636 0.043636363636363584
20 0.47125 0.211875 0.022485795454545432 0.02123579545454546
06 0.08374999999999999 0.62875 0.04246951219512195 0.10246951219512201
