02 0.144375 0.21687499999999998 0.02873355263157895 0.03123355263157898
04 0.444375 0.585 0.02624161073825504 0.024991610738255066
14 0.8325 0.856875 0.024956896551724173 0.02120689655172414
03 0.155 0.825625 0.04499444444444445 0.03624444444444441
15 0.859375 0.31625 0.048738095238095136 0.037488095238095265
06 0.138125 0.29375 0.06624297752808986 0.05999297752808985
02 0.27625 0.360625 0.022495098039215677 0.03624509803921566
15 0.489375 0.73375 0.06370689655172407 0.014956896551724164
13 0.5643750000000001 0.25125 0.12872844827586205 0.08247844827586209
02 0.35750000000000004 0.431875 0.01988636363636359 0.05363636363636359
06 0.549375 0.838125 0.10123579545454542 0.041235795454545254
01 0.713125 0.255625 0.028719512195122032 0.03121951219512198
06 0.55 0.76125 0.05998214285714287 0.1049821428571428
08 0.93875 0.5475 0.0324875 0.05998750000000008
