11 0.72375 0.935 0.06498355263157896 0.057483552631579005
00 0.93875 0.6287499999999999 0.059991610738254875 0.04749161073825492
03 0.615625 0.546875 0.05620689655172417 0.053706896551724226
07 0.79625 0.17625000000000002 0.029994444444444435 0.07249444444444444
07 0.35 0.104375 0.13998809523809524 0.02623809523809524
03 0.64375 0.17812499999999998 0.03499297752808983 0.046242977528089896
18 0.850625 0.6343749999999999 0.038745098039215664 0.04124509803921572
03 0.59 0.21250000000000002 0.03745689655172413 0.05745689655172412
03 0.468125 0.18062499999999998 0.03872844827586208 0.10872844827586206
03 0.204375 0.31187499999999996 0.048636363636363644 0.03613636363636363
13 0.24875000000000003 0.71375 0.15748579545454547 0.06748579545454536
