13 0.678125 0.8843749999999999 0.023733552631578947 0.04123355263157891
12 0.825625 0.099375 0.04124161073825483 0.04374161073825503
03 0.81125 0.08812500000000001 0.024956896551724173 0.031206896551724136
03 0.20500000000000002 0.36875 0.03499444444444441 0.0399944444444445
07 0.79875 0.36375 0.017488095238095136 0.09498809523809526
04 0.369375 0.180625 0.031242977528089855 0.028742977528089853
03 0.42000000000000004 0.29312499999999997 0.03999509803921569 0.033745098039215715
10 0.706875 0.176875 0.028706896551724093 0.031206896551724123
03 0.2825 0.104375 0.049978448275862064 0.026228448275862057
03 0.8625 0.464375 0.06238636363636374 0.031136363636363573
08 0.05875 0.169375 0.05998579545454546 0.02123579545454546
