20 0.148125 0.38749999999999996 0.02623355263157895 0.022483552631578918
10 0.48250000000000004 0.024375 0.03499161073825502 0.026241610738255032
04 0.70875 0.1975 0.05245689655172414 0.044956896551724135
03 0.080625 0.24812499999999998 0.05624444444444445 0.04374444444444445
12 0.03125 0.755625 0.03998809523809524 0.041238095238095074
01 0.474375 0.393125 0.028742977528089853 0.028742977528089853
15 0.803125 0.859375 0.038745098039215664 0.06124509803921563
14 0.06937499999999999 0.08374999999999999 0.043706896551724134 0.07995689655172414
08 0.173125 0.5018750000000001 0.061228448275862046 0.02372844827586207
03 0.541875 0.0874715909090909 0.033636363636363686 0.04244318181818181
20 0.501875 0.29500000000000004 0.018735795454545456 0.017485795454545483
07 0.9081250000000001 0.266875 0.06621951219512201 0.05121951219512197
18 0.5875 0.584375 0.022482142857142895 0.02373214285714287
17 0.335625 0.77875 0.053737499999999994 0.06748750000000003
