10 0.464375 0.52875 0.028733552631578896 0.02498355263157881
07 0.841875 0.794375 0.021241610738254924 0.03124161073825482
03 0.651875 0.85625 0.036206896551724155 0.057456896551724146
14 0.18062499999999998 0.800625 0.018744444444444425 0.043744444444444364
08 0.968125 0.725 0.01873809523809511 0.01498809523809519
03 0.420625 0.8318749999999999 0.01624297752808984 0.06624297752808983
01 0.190625 0.5825 0.031245098039215685 0.027495098039215682
04 0.178125 0.815625 0.023706896551724144 0.02120689655172414
03 0.5206303879310346 0.36312500000000003 0.018739224137931054 0.021228448275862066
14 0.98125 0.521875 0.014886363636363753 0.056136363636363595
20 0.69625 0.3 0.024985795454545268 0.027485795454545436
