11 0.5425 0.8843749999999999 0.07748355263157891 0.04123355263157891
10 0.916875 0.721875 0.06124161073825496 0.06124161073825485
04 0.801875 0.793125 0.05620689655172417 0.06870689655172413
06 0.5131236111111112 0.68625 0.043747222222222215 0.08499444444444437
12 0.796875 0.7518750000000001 0.14623809523809506 0.07373809523809516
07 0.17375 0.80625 0.09999297752808987 0.21499297752808988
06 0.38312377450980395 0.62375 0.07874754901960784 0.1874950980392157
07 0.226875 0.274375 0.16120689655172413 0.09870689655172413
04 0.62875 0.6268750000000001 0.07997844827586209 0.0487284482758622
00 0.36 0.144375 0.057386363636363624 0.048636363636363644
03 0.6856249999999999 0.9425 0.14623579545454535 0.07748579545454537
03 0.815 0.59625 0.11996951219512197 0.06996951219512193
05 0.686875 0.9237500000000001 0.043732142857142886 0.08498214285714278
20 0.6737500000000001 0.24625 0.05498750000000008 0.044987500000000014
