11 0.365625 0.9381250000000001 0.026233552631578894 0.02123355263157889
04 0.10625000000000001 0.62375 0.02249161073825505 0.01999161073825506
03 0.676885775862069 0.9275 0.01372844827586206 0.03745689655172413
20 0.74125 0.825 0.014994444444444421 0.014994444444444421
08 0.5549999999999999 0.541875 0.03498809523809532 0.041238095238095296
10 0.47562499999999996 0.959375 0.01624297752808984 0.018742977528089844
18 0.06812499999999999 0.42500000000000004 0.016245098039215686 0.019995098039215675
20 0.668125 0.811875 0.016206896551724137 0.016206896551724137
20 0.811875 0.525625 0.018728448275862286 0.016228448275862117
19 0.89375 0.861875 0.014886363636363753 0.028636363636363682
12 0.46125 0.6375 0.027485795454545436 0.029985795454545383
13 0.61375 0.17875000000000002 0.05246951219512197 0.03496951219512198
10 0.9675 0.469375 0.019982142857142837 0.01873214285714281
15 0.79375 0.243125 0.01748749999999999 0.011237500000000011
