18 0.20937499999999998 0.949375 0.023733552631578975 0.026233552631578894
03 0.7268749999999999 0.76 0.043741610738255 0.02999161073825496
11 0.15187499999999998 0.34062499999999996 0.03870689655172413 0.028706896551724148
01 0.379375 0.739375 0.023744444444444512 0.026244444444444293
15 0.213125 0.8 0.04373809523809527 0.03998809523809521
03 0.614375 0.24 0.036242977528089915 0.039992977528089835
01 0.6012500000000001 0.20375 0.02999509803921574 0.032495098039215714
03 0.14125 0.3025 0.012456896551724134 0.09745689655172413
06 0.12375 0.29375 0.04747844827586206 0.11497844827586204
15 0.108125 0.475 0.03363636363636363 0.04488636363636361
03 0.07937855113636363 0.526875 0.008742897727272728 0.04623579545454548
20 0.755625 0.16625 0.026219512195121975 0.01746951219512194
18 0.5606249999999999 0.079375 0.018732142857142864 0.021232142857142866
06 0.32125312500000003 0.5918749999999999 0.03499374999999999 0.10123749999999998
