03 0.65875 0.14875000000000002 0.00748355263157896 0.049983552631578956
14 0.49124999999999996 0.84125 0.03749161073825502 0.022491610738255008
05 0.9525 0.6937500000000001 0.029956896551724066 0.019956896551724168
15 0.78125 0.046875 0.017494444444444257 0.008744444444444444
12 0.738125 0.42000000000000004 0.02623809523809517 0.029988095238095258
04 0.870625 0.14875 0.028742977528089853 0.022492977528089875
03 0.68625 0.046875 0.049995098039215646 0.03374509803921569
08 0.060625 0.850625 0.013706896551724156 0.008706896551724186
14 0.71375 0.230625 0.042478448275862224 0.02622844827586207
02 0.6156250000000001 0.130625 0.011136363636363611 0.013636363636363641
13 0.665 0.50875 0.062485795454545356 0.06498579545454547
