17 0.44937499999999997 0.284375 0.046233552631578856 0.04873355263157897
12 0.374375 0.9299999999999999 0.03624161073825505 0.03999161073825486
12 0.78 0.694375 0.05495689655172409 0.05620689655172406
06 0.46187500000000004 0.7775000000000001 0.04624444444444448 0.07999444444444437
19 0.90125 0.9693750000000001 0.027488095238095145 0.04373809523809513
04 0.829375 0.836875 0.036242977528089804 0.026242977528089795
20 0.860625 0.44937499999999997 0.018745098039215646 0.016245098039215644
01 0.520625 0.045 0.026206896551724146 0.022456896551724136
15 0.5506249999999999 0.51125 0.03372844827586208 0.01747844827586209
06 0.3525 0.76375 0.07738636363636364 0.11488636363636373
16 0.19 0.815625 0.047485795454545454 0.041235795454545365
