03 0.17875000000000002 0.938125 0.11498355263157896 0.07623355263157894
14 0.49312500000000004 0.50125 0.04624161073825511 0.06749161073825505
20 0.508125 0.6331249999999999 0.03870689655172416 0.036206896551724044
15 0.7581249999999999 0.042499999999999996 0.026244444444444404 0.039994444444444444
01 0.35 0.5475000000000001 0.05748809523809523 0.05748809523809528
15 0.310625 0.039375 0.08124297752808984 0.02874297752808989
01 0.049375 0.094375 0.03624509803921569 0.02624509803921568
09 0.836875 0.7793749999999999 0.04870689655172411 0.04620689655172405
03 0.18 0.36812500000000004 0.027478448275862072 0.04622844827586209
04 0.848125 0.6168750000000001 0.04113636363636375 0.03863636363636369
20 0.28812499999999996 0.9768749999999999 0.038735795454545474 0.031235795454545356
08 0.140625 0.415625 0.03621951219512194 0.06121951219512195
03 0.6112500000000001 0.8787499999999999 0.0274821428571429 0.06998214285714288
03 0.9475 0.42374999999999996 0.057487500000000025 0.08248749999999999
