14 0.04125 0.651875 0.024983552631578948 0.023733552631578947
03 0.05312499999999999 0.511875 0.05374161073825502 0.02624161073825504
18 0.230625 0.611875 0.028706896551724148 0.03120689655172415
03 0.20687499999999998 0.374375 0.02374444444444443 0.026244444444444515
03 0.49312500000000004 0.7375 0.036238095238095236 0.04248809523809516
08 0.67375 0.475 0.049992977528089844 0.02249297752808982
14 0.57875 0.103125 0.034995098039215744 0.016245098039215686
20 0.433125 0.6025 0.02120689655172414 0.014956896551724164
10 0.168125 0.025625000000000002 0.02622844827586207 0.02622844827586207
03 0.690625 0.43937499999999996 0.08613636363636379 0.03613636363636358
08 0.83125 0.9425 0.04248579545454534 0.03998579545454528
05 0.82125 0.67875 0.039969512195122014 0.04996951219512191
