03 0.6012541118421053 0.68625 0.01999177631578941 0.017483552631578858
03 0.9225 0.78125 0.014991610738254835 0.024991610738254844
07 0.548125 0.45936422413793104 0.02120689655172414 0.03372844827586208
01 0.6475 0.64 0.012494444444444364 0.009994444444444417
07 0.4125 0.03 0.012488095238095298 0.03998809523809524
04 0.47687500000000005 0.7637499999999999 0.01624297752808984 0.014992977528089813
14 0.27249999999999996 0.8125 0.012495098039215724 0.01999509803921562
05 0.5825 0.535625 0.022456896551724115 0.026206896551724146
11 0.82125 0.4475 0.024978448275862264 0.019978448275862037
18 0.64625 0.83375 0.009886363636363749 0.012386363636363695
13 0.796875 0.18625 0.03873579545454531 0.01498579545454548
09 0.31625000000000003 0.37875000000000003 0.02996951219512195 0.034969512195121955
07 0.273125 0.3175 0.028732142857142873 0.039982142857142855
