01 0.06 0.43875 0.04498355263157894 0.034983552631578874
19 0.5675 0.1 0.02999161073825496 0.05999161073825504
14 0.7106250000000001 0.6275 0.053706896551724115 0.049956896551724195
20 0.30812500000000004 0.67875 0.03874444444444447 0.029994444444444324
08 0.4993779761904762 0.5375 0.033744047619047646 0.03498809523809521
03 0.790625 0.85375 0.14374297752808984 0.07749297752808992
03 0.17187622549019607 0.2675 0.08374754901960785 0.0749950980392157
09 0.903125 0.896875 0.06120689655172418 0.05620689655172417
07 0.495625 0.18562499999999998 0.028728448275862073 0.08622844827586204
15 0.33499999999999996 0.5531250000000001 0.01988636363636359 0.033636363636363575
04 0.284375 0.44562500000000005 0.04623579545454548 0.03373579545454547
03 0.94875 0.13437500000000002 0.029969512195122006 0.07121951219512197
04 0.95875 0.9675 0.029982142857142846 0.039982142857142855
03 0.54625 0.951875 0.08248750000000005 0.04623750000000004
