08 0.045 0.088125 0.04248355263157895 0.05873355263157895
05 0.603125 0.376875 0.023741610738255092 0.05124161073825506
03 0.08813577586206897 0.5874999999999999 0.046228448275862075 0.022456896551724115
06 0.32 0.614375 0.14249444444444445 0.026244444444444515
02 0.17125 0.166875 0.03998809523809527 0.038738095238095266
06 0.40937500000000004 0.7206250000000001 0.021242977528089846 0.12874297752808983
03 0.429375 0.9525 0.04874509803921567 0.01999509803921562
20 0.20687499999999998 0.580625 0.033706896551724125 0.026206896551724035
04 0.41875 0.605 0.039978448275862055 0.03247844827586199
18 0.29625 0.5575 0.027386363636363653 0.029886363636363544
20 0.65375 0.78625 0.029985795454545383 0.029985795454545272
20 0.594375 0.9450000000000001 0.02121951219512197 0.014969512195121992
