10 0.7 0.91125 0.022483552631578863 0.017483552631578858
03 0.924375 0.20500000000000002 0.02374161073825498 0.019991610738255033
03 0.826875 0.175625 0.026206896551724146 0.016206896551724137
18 0.700625 0.560625 0.013744444444444448 0.016244444444444506
03 0.7268749999999999 0.8525 0.041238095238095185 0.0399880952380951
15 0.411875 0.776875 0.01624297752808984 0.02124297752808979
05 0.31937499999999996 0.258125 0.013745098039215697 0.028745098039215655
04 0.4625 0.023125 0.024956896551724117 0.026206896551724132
07 0.928125 0.953125 0.02372844827586218 0.05622844827586215
01 0.849375 0.663125 0.036136363636363744 0.028636363636363682
11 0.768125 0.2225 0.02873579545454541 0.019985795454545485
