06 0.21000000000000002 0.380625 0.007483552631578988 0.06373355263157887
04 0.83125 0.51125 0.01999161073825484 0.01999161073825506
03 0.056875 0.97375 0.021206896551724155 0.01745689655172411
06 0.7462513888888889 0.31124861111111113 0.03999722222222213 0.03749722222222229
20 0.83125 0.048125 0.019988095238095194 0.01373809523809523
05 0.60625 0.3825 0.027492977528089768 0.019992977528089817
03 0.660625 0.413125 0.046245098039215726 0.05374509803921568
14 0.64375 0.241875 0.029956896551724177 0.016206896551724137
11 0.13874999999999998 0.650625 0.02497844827586207 0.026228448275862126
03 0.6125 0.685 0.037386363636363606 0.04238636363636383
02 0.159375 0.3375 0.018735795454545484 0.03498579545454544
