03 0.8118749999999999 0.268125 0.02123355263157889 0.016233552631578996
08 0.436875 0.38687499999999997 0.01624161073825503 0.051241610738255006
03 0.8175 0.9206142241379309 0.03495689655172418 0.01372844827586206
03 0.21875 0.6412499999999999 0.019994444444444426 0.057494444444444404
10 0.623125 0.130625 0.01123809523809527 0.013738095238095244
08 0.011876755617977528 0.3725 0.006246488764044943 0.014992977528089813
04 0.415625 0.020625 0.02874509803921571 0.018745098039215688
15 0.4925 0.43 0.03495689655172407 0.019956896551724168
03 0.5475 0.8006249999999999 0.019978448275862037 0.018728448275862175
13 0.5018750000000001 0.48625 0.04113636363636364 0.039886363636363664
10 0.380625 0.985 0.02123579545454546 0.019985795454545263
20 0.33125 0.30125 0.024969512195122 0.022469512195122
