12 0.603125 0.186875 0.0362335526315789 0.036233552631578986
03 0.17625000000000002 0.49875 0.019991610738255033 0.024991610738255066
16 0.0475 0.235 0.032456896551724145 0.03745689655172413
03 0.643125 0.8243750000000001 0.05624444444444443 0.031244444444444297
03 0.135 0.07125000000000001 0.039988095238095225 0.027488095238095242
14 0.03375 0.868125 0.03749297752808989 0.04624297752808981
13 0.295625 0.08937500000000001 0.05874509803921574 0.1237450980392157
18 0.88375 0.81 0.019956896551724168 0.022456896551724115
08 0.6468750000000001 0.889375 0.028728448275862184 0.046228448275862255
03 0.20875 0.284375 0.052386363636363675 0.07613636363636367
03 0.103125 0.8362499999999999 0.04123579545454546 0.0499857954545454
03 0.35250000000000004 0.5393749999999999 0.04246951219512202 0.04871951219512194
18 0.799375 0.4525 0.02123214285714281 0.02248214285714284
