02 0.181875 0.4475 0.008733552631578961 0.039983552631578934
09 0.12 0.746875 0.03249161073825506 0.03624161073825494
18 0.715625 0.40437500000000004 0.02120689655172414 0.023706896551724144
18 0.46687500000000004 0.08750000000000001 0.018744444444444508 0.022494444444444456
14 0.95625 0.459375 0.027488095238095145 0.05123809523809525
18 0.204375 0.020624999999999998 0.021242977528089846 0.023742977528089886
08 0.59875 0.35375 0.017495098039215673 0.03499509803921569
00 0.8087500000000001 0.975625 0.022456896551724115 0.018706896551724195
08 0.46687500000000004 0.1275 0.031228448275862075 0.04497844827586206
18 0.85625 0.28625 0.019886363636363757 0.022386363636363704
