07 0.181875 0.025000000000000005 0.011233552631578964 0.03498355263157896
02 0.701875 0.73125 0.03624161073825494 0.00999161073825483
12 0.29125 0.5387500000000001 0.024956896551724117 0.03495689655172407
03 0.2600013888888889 0.12875 0.014997222222222217 0.027494444444444446
02 0.685 0.589375 0.02248809523809514 0.04373809523809524
04 0.7381249999999999 0.146875 0.0212429775280899 0.0187429775280899
17 0.659375 0.675625 0.021245098039215704 0.02624509803921571
03 0.7437499999999999 0.170625 0.012456896551724106 0.05120689655172411
04 0.6481250000000001 0.5237499999999999 0.018728448275862175 0.014978448275862033
07 0.3725 0.135 0.027386363636363598 0.02238636363636362
20 0.323125 0.46499999999999997 0.018735795454545512 0.014985795454545425
03 0.775625 0.95625 0.02121951219512197 0.03246951219512206
03 0.109375 0.27 0.008732142857142855 0.027482142857142844
