14 0.62 0.696875 0.02498355263157892 0.043733552631578965
03 0.106875 0.5193749999999999 0.02374161073825505 0.03374161073825499
07 0.508125 0.33187500000000003 0.028706896551724148 0.05620689655172412
18 0.648125 0.7075 0.023744444444444346 0.027494444444444377
04 0.5725 0.780625 0.03498809523809521 0.031238095238095065
03 0.05437500000000001 0.978125 0.03124297752808989 0.03874297752808986
01 0.66125 0.174375 0.024995098039215735 0.02874509803921571
08 0.8162499999999999 0.5081249999999999 0.032456896551724124 0.06370689655172412
20 0.194375 0.9099999999999999 0.02372844827586207 0.01997844827586215
08 0.463125 0.3175 0.016136363636363615 0.052386363636363675
06 0.641875 0.203125 0.04373579545454542 0.07623579545454545
15 0.7275 0.780625 0.04246951219512196 0.05871951219512206
04 0.69125 0.22625 0.03498214285714285 0.03498214285714282
06 0.694375 0.81375 0.03123750000000003 0.01748749999999999
