03 0.5987499999999999 0.893125 0.0624835526315789 0.0937335526315789
11 0.5918749999999999 0.25125 0.04124161073825505 0.03249161073825507
06 0.708125 0.246875 0.046206896551724164 0.02870689655172412
07 0.445 0.29812500000000003 0.1049944444444445 0.11874444444444446
18 0.41312499999999996 0.384375 0.036238095238095236 0.038738095238095294
03 0.745 0.536875 0.05249297752808979 0.10624297752808992
03 0.246875 0.460625 0.021245098039215704 0.08124509803921576
03 0.14 0.14 0.09245689655172414 0.027456896551724147
07 0.065 0.21937500000000001 0.05997844827586207 0.09872844827586208
08 0.801875 0.419375 0.043636363636363695 0.03863636363636358
