14 0.495625 0.1375 0.026233552631578894 0.06498355263157896
03 0.77 0.2425 0.04499161073825486 0.029991610738255042
03 0.32125000000000004 0.7749999999999999 0.024956896551724117 0.032456896551724124
04 0.18312499999999998 0.59125 0.028744444444444434 0.0274944444444446
19 0.7949999999999999 0.365625 0.029988095238095203 0.03123809523809523
06 0.925 0.200625 0.032492977528089884 0.01624297752808984
18 0.49624999999999997 0.083125 0.02499509803921568 0.026245098039215695
04 0.463125 0.081875 0.03120689655172415 0.03370689655172414
03 0.73125 0.133125 0.01997844827586215 0.05872844827586207
20 0.738125 0.018125000000000002 0.02113636363636373 0.018636363636363635
