03 0.5706249999999999 0.161875 0.016233552631578996 0.011233552631578964
06 0.23625000000000002 0.90125 0.014991610738255029 0.022491610738254897
03 0.321875 0.13125 0.023706896551724144 0.02245689655172413
03 0.68625 0.133125 0.04249444444444439 0.021244444444444455
07 0.7675000000000001 0.683125 0.04748809523809505 0.016238095238095163
10 0.956875 0.27625 0.018742977528089844 0.019992977528089817
14 0.2225 0.30125 0.022495098039215677 0.042495098039215695
02 0.298125 0.551875 0.01870689655172414 0.0237068965517242
05 0.3049946120689655 0.6325000000000001 0.03248922413793104 0.01997844827586215
01 0.6475 0.813125 0.0173863636363637 0.018636363636363784
05 0.9456249999999999 0.740625 0.0187357954545454 0.0287357954545453
18 0.77 0.61 0.01746951219512205 0.019969512195121997
