00 0.90125 0.789375 0.027483552631578867 0.026233552631578894
05 0.24562499999999998 0.521875 0.02624161073825504 0.02624161073825504
08 0.421875 0.23375 0.026206896551724146 0.022456896551724143
13 0.34125 0.774375 0.05999444444444446 0.12374444444444432
05 0.79625 0.38125 0.017488095238095136 0.022488095238095307
03 0.031875 0.305 0.01874297752808989 0.014992977528089813
03 0.14 0.816875 0.022495098039215705 0.0162450980392157
05 0.461875 0.7637499999999999 0.016206896551724137 0.029956896551724177
14 0.694375 0.61375 0.011228448275862224 0.0274784482758621
15 0.220625 0.27312499999999995 0.01613636363636367 0.02613636363636368
05 0.9675 0.10375000000000001 0.019985795454545374 0.01748579545454547
