13 0.8999999999999999 0.49125 0.04998355263157894 0.039983552631578934
03 0.26437709731543624 0.198125 0.06874580536912753 0.031241610738255043
03 0.2875 0.7350000000000001 0.014956896551724108 0.05245689655172414
10 0.443125 0.8812500000000001 0.023744444444444512 0.027494444444444377
03 0.450625 0.065625 0.033738095238095234 0.03123809523809524
15 0.576875 0.68625 0.016242977528089897 0.014992977528089813
14 0.739375 0.7925 0.031245098039215602 0.059995098039215655
03 0.45499999999999996 0.08875 0.024956896551724117 0.05245689655172414
18 0.246875 0.635625 0.02372844827586207 0.026228448275862126
18 0.303125 0.499375 0.023636363636363678 0.026136363636363624
10 0.30874999999999997 0.733125 0.027485795454545492 0.021235795454545348
13 0.59875 0.809375 0.01746951219512205 0.04121951219512199
