03 0.124375 0.546875 0.053733552631578946 0.03123355263157901
20 0.265625 0.31625000000000003 0.028741610738255097 0.02499161073825501
11 0.580625 0.518125 0.036206896551724044 0.026206896551724035
03 0.7831250000000001 0.245 0.026244444444444404 0.02749444444444446
04 0.2375 0.32375 0.029988095238095286 0.029988095238095258
08 0.54 0.786875 0.02749297752808988 0.036242977528089915
03 0.831875 0.26375 0.0162450980392157 0.032495098039215686
10 0.818125 0.89 0.016206896551724137 0.01745689655172411
02 0.915 0.77625 0.05747844827586224 0.014978448275862144
03 0.0925 0.110625 0.017386363636363644 0.03113636363636363
