13 0.263125 0.4975 0.026233552631579005 0.022483552631578863
09 0.8700000000000001 0.568125 0.03749161073825491 0.05874161073825501
03 0.15875 0.2925 0.03995689655172413 0.02745689655172412
05 0.48750000000000004 0.6031249999999999 0.04749444444444456 0.03124444444444452
16 0.553125 0.09875 0.05373809523809525 0.052488095238095236
06 0.43562500000000004 0.6675 0.11374297752808987 0.014992977528089924
03 0.76875 0.510625 0.024995098039215624 0.02624509803921571
11 0.819375 0.61875 0.04870689655172411 0.04495689655172419
03 0.43125 0.611875 0.04497844827586206 0.026228448275862015
04 0.7306250000000001 0.19875 0.036136363636363744 0.03738636363636366
06 0.17187144886363637 0.060625000000000005 0.09124289772727273 0.06373579545454547
03 0.53625 0.274375 0.029969512195122006 0.026219512195121975
18 0.265625 0.5925 0.03123214285714282 0.03248214285714279
10 0.52125 0.258125 0.0324875 0.02373750000000005
