03 0.671875 0.734375 0.03123355263157901 0.02873355263157884
11 0.378125 0.195625 0.031241610738255043 0.021241610738255035
14 0.245625 0.608125 0.028706896551724148 0.04120689655172416
03 0.0225 0.20124999999999998 0.01999444444444444 0.059994444444444434
07 0.955 0.5487500000000001 0.017488095238095136 0.04998809523809522
13 0.20750000000000002 0.31375 0.029992977528089854 0.062492977528089855
07 0.550625 0.7737499999999999 0.046245098039215726 0.022495098039215677
06 0.479375 0.3 0.04870689655172411 0.05245689655172414
09 0.5331250000000001 0.944375 0.036228448275862024 0.02372844827586218
03 0.82875 0.16 0.03238636363636371 0.03488636363636366
11 0.49375355113636366 0.483125 0.0249928977272727 0.021235795454545514
