04 0.6725 0.3225 0.027483552631578867 0.02998355263157898
03 0.8631249999999999 0.6793750000000001 0.028741610738254875 0.07124161073825486
08 0.49624999999999997 0.21625 0.01745689655172411 0.04995689655172414
14 0.5 0.968125 0.039994444444444444 0.033744444444444355
02 0.1225 0.7106250000000001 0.06498809523809523 0.03373809523809512
06 0.166875 0.21875 0.09874297752808987 0.009992977528089864
06 0.5425 0.28500000000000003 0.06499509803921566 0.027495098039215737
09 0.9668749999999999 0.589375 0.01370689655172408 0.03120689655172415
03 0.046875 0.4125 0.031228448275862068 0.027478448275862044
11 0.9762500000000001 0.355 0.02738636363636371 0.027386363636363598
