18 0.67 0.7575000000000001 0.037483552631578876 0.039983552631578934
04 0.88375 0.635 0.05499161073825487 0.04499161073825497
11 0.85875 0.5025 0.04745689655172414 0.034956896551724126
08 0.390625 0.348125 0.05874444444444449 0.08124444444444445
06 0.4575 0.6706249999999999 0.03498809523809526 0.06623809523809521
15 0.19374999999999998 0.208125 0.10499297752808986 0.043742977528089866
08 0.42625 0.745 0.022495098039215677 0.08499509803921579
13 0.128125 0.309375 0.12620689655172412 0.09370689655172415
14 0.8674999999999999 0.3275 0.04497844827586228 0.05747844827586207
10 0.6125 0.519375 0.047386363636363615 0.04613636363636364
20 0.320625 0.333125 0.031235795454545467 0.018735795454545512
03 0.5125 0.923125 0.09246951219512195 0.08371951219512197
07 0.18375 0.7606250000000001 0.10748214285714286 0.04123214285714283
