08 0.6025 0.405625 0.047483552631578885 0.02123355263157889
20 0.7281249999999999 0.84125 0.018741610738254866 0.022491610738255008
14 0.693125 0.295625 0.03370689655172421 0.04370689655172416
01 0.125 0.64125 0.02249444444444447 0.019994444444444426
04 0.069375 0.6493749999999999 0.03373809523809524 0.03623809523809518
04 0.545 0.6856249999999999 0.02749297752808988 0.0212429775280899
06 0.5225 0.10062499999999999 0.054995098039215706 0.04374509803921568
08 0.537510775862069 0.66 0.012478448275861975 0.01745689655172411
11 0.180625 0.355 0.02622844827586207 0.029978448275862046
19 0.364375 0.820625 0.03113636363636363 0.03113636363636374
00 0.24875 0.06625 0.03498579545454544 0.02998579545454546
