18 0.6 0.56 0.014983552631578911 0.01748355263157897
15 0.52 0.38312500000000005 0.027491610738255012 0.023741610738255037
05 0.9125 0.26 0.014956896551724164 0.019956896551724113
03 0.7168749999999999 0.12 0.021244444444444288 0.014994444444444463
16 0.815625 0.5231250000000001 0.02623809523809506 0.026238095238095283
07 0.106875 0.7949999999999999 0.013742977528089895 0.02499297752808982
06 0.8343762254901961 0.536875 0.0162475490196079 0.011245098039215695
18 0.786875 0.755625 0.016206896551724137 0.018706896551724084
06 0.85625 0.26124461206896554 0.07247844827586214 0.03248922413793104
03 0.515625 0.4025 0.018636363636363562 0.022386363636363593
03 0.186875 0.5231250000000001 0.021235795454545486 0.0187357954545454
