03 0.6000000000000001 0.9681249999999999 0.019983552631578916 0.02123355263157889
15 0.290625 0.723125 0.02124161073825509 0.018741610738254977
10 0.383125 0.8106249999999999 0.02120689655172414 0.018706896551724195
07 0.0900013888888889 0.446875 0.017497222222222233 0.04374444444444453
00 0.6581250000000001 0.17625000000000002 0.023738095238095114 0.02248809523809528
14 0.301875 0.3725 0.028742977528089853 0.01749297752808987
09 0.974375 0.32437499999999997 0.018745098039215646 0.033745098039215715
08 0.588125 0.045 0.028706896551724093 0.022456896551724136
07 0.8025 0.80625 0.01997844827586226 0.024978448275862153
03 0.52 0.288125 0.02488636363636365 0.023636363636363678
