17 0.405 0.509375 0.03248355263157893 0.033733552631578956
13 0.8481270973154362 0.1575 0.05624580536912738 0.03999161073825502
08 0.9450000000000001 0.27875 0.012456896551724106 0.024956896551724173
03 0.464375 0.38875000000000004 0.03374444444444452 0.02999444444444449
06 0.35750000000000004 0.34750000000000003 0.014988095238095245 0.022488095238095307
13 0.0975 0.16375 0.10499297752808989 0.054992977528089876
09 0.65125 0.20375 0.024995098039215735 0.022495098039215705
06 0.8981250000000001 0.25875000000000004 0.04120689655172416 0.03995689655172413
03 0.15999999999999998 0.369375 0.019978448275862065 0.021228448275862066
06 0.4425 0.504375 0.024886363636363595 0.016136363636363615
03 0.3875 0.318125 0.04248579545454545 0.02123579545454546
