00 0.9356249999999999 0.030000000000000002 0.031233552631578898 0.024983552631578955
04 0.418125 0.1975 0.031241610738255043 0.032491610738255045
03 0.36125 0.170625 0.032456896551724124 0.05120689655172411
01 0.885625 0.9412499999999999 0.023744444444444346 0.019994444444444315
09 0.3425 0.14750000000000002 0.017488095238095303 0.057488095238095255
18 0.8187500000000001 0.58875 0.022492977528089875 0.024992977528089932
09 0.360625 0.46875 0.031245098039215657 0.024995098039215735
07 0.825625 0.5487500000000001 0.016206896551724026 0.05245689655172414
01 0.4475 0.04375 0.01747844827586209 0.014978448275862068
03 0.6087499999999999 0.31125 0.04238636363636361 0.019886363636363702
10 0.51 0.8400000000000001 0.029985795454545494 0.019985795454545374
14 0.974375 0.576875 0.033719512195121926 0.05371951219512194
