06 0.4768791118421053 0.880625 0.07874177631578944 0.12373355263157881
15 0.5875 0.28812499999999996 0.0649916107382551 0.07374161073825508
08 0.55125 0.3175 0.06745689655172415 0.02745689655172412
15 0.713125 0.1925 0.013744444444444337 0.06499444444444441
03 0.10375000000000001 0.889375 0.06998809523809524 0.03873809523809513
06 0.6699999999999999 0.3318732443820225 0.1199929775280898 0.07124648876404494
02 0.7887500000000001 0.24874999999999997 0.07749509803921562 0.05749509803921568
03 0.4775 0.38375000000000004 0.05245689655172414 0.10245689655172413
00 0.05437499999999999 0.7625 0.05622844827586206 0.04497844827586228
03 0.286875 0.28437500000000004 0.023636363636363678 0.03613636363636369
15 0.864375 0.108125 0.06873579545454533 0.03623579545454547
02 0.46124999999999994 0.553125 0.09246951219512195 0.08371951219512197
