05 0.7737499999999999 0.605625 0.029983552631578925 0.023733552631578947
03 0.141875 0.91625 0.02624161073825504 0.01999161073825495
03 0.86375 0.66875 0.01745689655172411 0.022456896551724115
00 0.7831250000000001 0.6475 0.01874444444444434 0.012494444444444364
15 0.255 0.19375 0.019988095238095305 0.04498809523809527
03 0.14375 0.3425 0.07249297752808986 0.10999297752808984
14 0.011248774509803921 0.886875 0.019997549019607843 0.038745098039215664
06 0.25125 0.8575 0.04745689655172411 0.06745689655172415
07 0.15875 0.468125 0.027478448275862044 0.02622844827586207
04 0.9293750000000001 0.018125000000000002 0.018636363636363673 0.018636363636363635
12 0.7375 0.49687499999999996 0.05998579545454541 0.04123579545454542
04 0.8356250000000001 0.113125 0.023719512195122028 0.023719512195121945
06 0.8031250000000001 0.32 0.011232142857142802 0.05498214285714287
