07 0.65625 0.715625 0.037483552631578876 0.033733552631578845
14 0.830625 0.649375 0.018741610738254866 0.018741610738254866
03 0.176875 0.47562499999999996 0.016206896551724137 0.013706896551724135
04 0.0275 0.7593749999999999 0.017494444444444444 0.016244444444444395
03 0.97125 0.745 0.024988095238095087 0.037488095238095154
05 0.08374999999999999 0.80125 0.02499297752808989 0.029992977528089826
04 0.93625 0.94125 0.024995098039215735 0.024995098039215735
20 0.26 0.08312499999999999 0.022456896551724143 0.016206896551724137
20 0.6475 0.38312500000000005 0.012478448275862197 0.011228448275862057
13 0.75875 0.109375 0.04988636363636367 0.011136363636363639
