10 0.591875 0.05562500000000001 0.026233552631578894 0.03123355263157896
03 0.87625 0.03125 0.022491610738254897 0.014991610738255029
01 0.738125 0.590625 0.028706896551724093 0.018706896551724195
11 0.32625000000000004 0.6637500000000001 0.02999444444444449 0.02249444444444426
03 0.3875 0.07250000000000001 0.017488095238095247 0.019988095238095235
15 0.12625 0.701875 0.014992977528089882 0.05874297752808988
08 0.24625 0.62375 0.0449950980392157 0.014995098039215726
20 0.625 0.35375 0.022456896551724226 0.022456896551724115
09 0.7418750000000001 0.9724999999999999 0.02372844827586229 0.024978448275862264
04 0.42875 0.853125 0.027386363636363598 0.023636363636363678
