03 0.813125 0.56375 0.008733552631578823 0.022483552631578863
15 0.82875 0.404375 0.009991610738254941 0.021241610738255035
03 0.27 0.3775 0.02995689655172412 0.024956896551724173
12 0.46187500000000004 0.04875 0.02624444444444446 0.027494444444444446
12 0.9281250000000001 0.29000000000000004 0.023738095238095114 0.024988095238095254
10 0.585 0.295625 0.01749297752808987 0.0187429775280899
08 0.34 0.448125 0.032495098039215686 0.0162450980392157
15 0.865 0.42125 0.019956896551724057 0.02745689655172412
03 0.14 0.468125 0.027478448275862072 0.028728448275862073
12 0.9137500000000001 0.4075 0.02738636363636371 0.03238636363636355
08 0.21875 0.791875 0.009985795454545476 0.04623579545454537
07 0.74875 0.32 0.04246951219512196 0.009969512195121988
