03 0.694375 0.6912499999999999 0.02873355263157895 0.012483552631578854
12 0.805625 0.7618729026845638 0.09124161073825487 0.03874580536912742
08 0.8343750000000001 0.45499999999999996 0.043706896551724106 0.03995689655172413
08 0.5606249999999999 0.75625 0.043744444444444475 0.02499444444444432
15 0.6381249999999999 0.42 0.033738095238095234 0.037488095238095265
20 0.11624999999999999 0.03375 0.02749297752808988 0.022492977528089892
03 0.30875 0.08499999999999999 0.042495098039215695 0.0349950980392157
03 0.5825 0.530625 0.02745689655172412 0.0237068965517242
02 0.965 0.1675 0.03497844827586216 0.04497844827586206
03 0.8274999999999999 0.22125 0.024886363636363762 0.027386363636363653
15 0.8887499999999999 0.188125 0.02248579545454532 0.011235795454545477
