01 0.6643749999999999 0.270625 0.08123355263157894 0.053733552631578974
19 0.346875 0.41625 0.04124161073825505 0.09999161073825502
09 0.535625 0.36812500000000004 0.053706896551724115 0.09620689655172415
15 0.42000000000000004 0.6387499999999999 0.12999444444444447 0.06749444444444441
15 0.105 0.86125 0.027488095238095228 0.05998809523809512
03 0.573125 0.4149982443820225 0.0887429775280899 0.052496488764044946
14 0.269375 0.270625 0.07874509803921567 0.1062450980392157
00 0.510625 0.104375 0.08870689655172415 0.05620689655172413
06 0.34750000000000003 0.588125 0.18747844827586208 0.08122844827586206
13 0.15375 0.549375 0.14238636363636364 0.15113636363636357
18 0.366875 0.70875 0.04623579545454548 0.04998579545454529
02 0.935 0.5131249999999999 0.06246951219512198 0.10371951219512193
03 0.4575 0.14687499999999998 0.08248214285714284 0.12623214285714285
03 0.7012499999999999 0.701875 0.06498750000000009 0.11123749999999999
