20 0.095 0.92125 0.022483552631578946 0.022483552631578974
08 0.335625 0.71 0.031241610738255043 0.01999161073825484
12 0.13623922413793105 0.22562500000000002 0.044978448275862074 0.03870689655172413
06 0.3975 0.15187499999999998 0.03249444444444449 0.013744444444444476
15 0.24375000000000002 0.68 0.02248809523809528 0.017488095238095136
20 0.7224999999999999 0.44625 0.014992977528089813 0.012492977528089866
20 0.33562499999999995 0.03875000000000001 0.013745098039215697 0.01249509803921569
07 0.659375 0.234375 0.036206896551724044 0.011206896551724133
15 0.2825 0.059375 0.034978448275862106 0.03372844827586207
11 0.16812500000000002 0.09187500000000001 0.026136363636363652 0.01863636363636363
18 0.17625000000000002 0.7725 0.01248579545454545 0.014985795454545259
03 0.3581173780487805 0.7968673780487805 0.023734756097560983 0.016234756097561087
14 0.203125 0.5975 0.01873214285714281 0.03498214285714285
08 0.82625 0.111875 0.0324875 0.02373750000000001
