03 0.766875 0.291875 0.14873355263157895 0.18123355263157895
20 0.469375 0.5675 0.05124161073825506 0.03249161073825513
00 0.45875 0.235625 0.06245689655172415 0.03870689655172416
06 0.215 0.09687361111111112 0.12499444444444446 0.06624722222222224
19 0.200625 0.14 0.06623809523809526 0.07498809523809526
13 0.92625 0.058750000000000004 0.03749297752808989 0.02499297752808989
20 0.31562500000000004 0.683125 0.05624509803921568 0.03624509803921572
18 0.708125 0.768125 0.0387068965517241 0.04120689655172416
03 0.824375 0.314375 0.03122844827586224 0.05622844827586204
03 0.268125 0.385625 0.061136363636363655 0.03113636363636363
04 0.3175 0.871875 0.06248579545454547 0.04373579545454531
