20 0.080625 0.3375 0.02123355263157896 0.014983552631578911
05 0.17000209731543625 0.345625 0.05999580536912755 0.05124161073825506
11 0.575625 0.8975 0.05120689655172417 0.04495689655172408
11 0.37187499999999996 0.15 0.04624444444444448 0.03249444444444444
10 0.538125 0.385 0.04373809523809524 0.03248809523809526
03 0.5025000000000001 0.89375 0.03999297752808989 0.05999297752808985
15 0.716875 0.5762499999999999 0.038745098039215664 0.022495098039215677
10 0.38749999999999996 0.520625 0.044956896551724135 0.036206896551724155
16 0.6475 0.18312499999999998 0.07497844827586209 0.05622844827586207
12 0.934375 0.5825 0.07113636363636366 0.047386363636363615
18 0.19 0.8518749999999999 0.03498579545454547 0.03873579545454542
00 0.089375 0.110625 0.05121951219512194 0.043719512195121935
