12 0.963125 0.4175 0.043733552631578965 0.05498355263157889
03 0.8225 0.011875 0.024991610738254844 0.018741610738255032
00 0.26375000000000004 0.23375 0.019956896551724113 0.017456896551724138
08 0.791875 0.028124999999999997 0.023744444444444346 0.02874444444444444
15 0.9143749999999999 0.2931220238095238 0.013738095238095105 0.008744047619047624
10 0.2675 0.860625 0.022492977528089875 0.0212429775280899
05 0.0175 0.275 0.024995098039215687 0.01499509803921567
20 0.64625 0.198125 0.009956896551724048 0.011206896551724133
03 0.56625 0.505625 0.01747844827586209 0.03122844827586202
03 0.036250000000000004 0.62625 0.00988636363636363 0.04238636363636361
03 0.535625 0.75625 0.023735795454545405 0.02498579545454538
08 0.6675 0.319375 0.027469512195121948 0.04621951219512199
15 0.26 0.426875 0.05498214285714287 0.02123214285714281
