05 0.171875 0.806875 0.02873355263157895 0.04873355263157886
04 0.358125 0.084375 0.043741610738255055 0.04124161073825504
04 0.306875 0.260625 0.04120689655172416 0.028706896551724093
12 0.349375 0.364375 0.04874444444444448 0.053744444444444484
03 0.57125 0.245 0.047488095238095274 0.08248809523809528
18 0.5062500000000001 0.49374999999999997 0.032492977528089884 0.03499297752808983
04 0.715 0.6893750000000001 0.0474950980392157 0.028745098039215766
04 0.578125 0.2025 0.036206896551724155 0.03245689655172415
10 0.075 0.35250000000000004 0.04247844827586206 0.03747844827586205
09 0.4775 0.5018750000000001 0.037386363636363606 0.051136363636363646
09 0.958125 0.203125 0.026235795454545352 0.041235795454545476
06 0.080625 0.9612499999999999 0.07371951219512193 0.014969512195121992
02 0.7 0.33499999999999996 0.039982142857142855 0.044982142857142804
