08 0.8649958881578947 0.079375 0.027491776315789473 0.023733552631578947
03 0.05499999999999999 0.188125 0.04749161073825502 0.03624161073825505
20 0.12375 0.31625000000000003 0.02745689655172412 0.024956896551724117
00 0.490625 0.1725 0.03374444444444452 0.029994444444444435
03 0.166875 0.8512500000000001 0.028738095238095257 0.034988095238095096
03 0.8981250000000001 0.48750000000000004 0.03374297752808986 0.04249297752808984
03 0.763125 0.8887499999999999 0.018745098039215757 0.01999509803921573
11 0.11 0.884375 0.02995689655172412 0.026206896551724146
07 0.8400000000000001 0.15437499999999998 0.01997844827586215 0.03622844827586205
07 0.1125284090909091 0.6174999999999999 0.054943181818181835 0.022386363636363593
19 0.653125 0.455625 0.026235795454545463 0.02123579545454546
05 0.8787499999999999 0.38687499999999997 0.027469512195121948 0.021219512195122026
