13 0.37375 0.5762499999999999 0.034983552631578874 0.05998355263157895
07 0.9356270973154363 0.79125 0.023745805369127515 0.03499161073825485
03 0.37 0.515614224137931 0.02745689655172412 0.011228448275862002
05 0.899375 0.909375 0.031244444444444297 0.016244444444444395
06 0.225625 0.171875 0.006238095238095265 0.07623809523809524
12 0.55 0.30062500000000003 0.03749297752808978 0.021242977528089846
03 0.8362499999999999 0.41125 0.03499509803921563 0.024995098039215735
15 0.910625 0.52625 0.008706896551724075 0.01745689655172411
03 0.255 0.9137500000000001 0.009978448275862029 0.01997844827586215
15 0.26187499999999997 0.494375 0.011136363636363666 0.02863636363636357
12 0.6156250000000001 0.19624999999999998 0.026235795454545463 0.04498579545454548
