19 0.84 0.349375 0.02498355263157892 0.05873355263157887
00 0.7268749999999999 0.566875 0.05124161073825484 0.05374161073825512
12 0.899375 0.29625 0.046206896551724164 0.05245689655172414
06 0.175 0.37312500000000004 0.11249444444444445 0.04124444444444447
03 0.40125 0.455625 0.037488095238095265 0.033738095238095234
15 0.913125 0.08625 0.03374297752808986 0.03749297752808989
16 0.64 0.5225 0.049995098039215646 0.06249509803921571
15 0.57375 0.16875 0.057456896551724146 0.027456896551724147
06 0.71375 0.03874999999999999 0.06747844827586214 0.04747844827586206
20 0.75 0.24375000000000002 0.02738636363636382 0.019886363636363674
06 0.3425 0.8212464488636364 0.10248579545454545 0.05749289772727273
