08 0.89375 0.14875 0.02498355263157892 0.029983552631578952
15 0.7437499999999999 0.0175 0.0074916107382548836 0.027491610738255033
03 0.629375 0.41125 0.026206896551724146 0.04245689655172413
13 0.785625 0.934375 0.06874444444444439 0.02874444444444435
14 0.953125 0.6325 0.02623809523809517 0.037488095238095154
08 0.0325 0.946875 0.034992977528089886 0.016242977528089897
03 0.08875 0.8325 0.02249509803921569 0.027495098039215682
03 0.15437499999999998 0.55 0.011206896551724105 0.032456896551724124
03 0.085625 0.33625 0.018728448275862064 0.01747844827586209
05 0.8775 0.29312499999999997 0.032386363636363824 0.028636363636363626
10 0.76625 0.74875 0.02498579545454538 0.017485795454545316
06 0.74125 0.7731250000000001 0.004969512195121983 0.023719512195122028
