07 0.14437499999999998 0.14125000000000001 0.14373355263157894 0.06748355263157896
03 0.1575 0.180625 0.09999161073825504 0.031241610738255043
14 0.390625 0.57375 0.05620689655172417 0.07245689655172416
09 0.26249999999999996 0.725625 0.07499444444444442 0.1037444444444443
05 0.0925 0.23812500000000003 0.06748809523809524 0.06373809523809529
03 0.88375 0.48625 0.03749297752808989 0.06499297752808986
06 0.943125 0.26 0.031245098039215602 0.052495098039215704
07 0.14126077586206898 0.643125 0.07497844827586206 0.13870689655172408
03 0.755625 0.65625 0.07372844827586222 0.03747844827586211
20 0.6074999999999999 0.13 0.05238636363636362 0.042386363636363625
14 0.169375 0.50625 0.06873579545454545 0.08498579545454543
