03 0.406875 0.21437499999999998 0.24623355263157892 0.3587335526315789
04 0.850625 0.15 0.07874161073825492 0.06749161073825505
03 0.66875 0.079375 0.06995689655172421 0.08620689655172413
06 0.716875 0.25 0.13874444444444434 0.1549944444444445
09 0.7887500000000001 0.38 0.11248809523809522 0.1399880952380953
06 0.40125 0.6581250000000001 0.17499297752808984 0.26374297752808984
11 0.6581250000000001 0.20500000000000002 0.09374509803921571 0.062495098039215685
04 0.395 0.3675 0.07745689655172411 0.0699568965517241
15 0.328125 0.0875 0.286228448275862 0.09997844827586205
08 0.855 0.7025 0.10988636363636373 0.1473863636363637
20 0.39125 0.12187500000000001 0.05748579545454546 0.036235795454545486
