14 0.29000000000000004 0.134375 0.052483552631578945 0.03123355263157894
16 0.610625 0.8981250000000001 0.023741610738255092 0.043741610738255
03 0.1225 0.838125 0.04745689655172414 0.05120689655172406
03 0.7093750000000001 0.37812361111111115 0.01874444444444434 0.011247222222222242
06 0.6899970238095239 0.7012499999999999 0.01999404761904755 0.062488095238095176
03 0.296875 0.5800000000000001 0.043742977528089866 0.022492977528089875
20 0.405625 0.36750000000000005 0.02624509803921571 0.02499509803921568
11 0.79 0.434375 0.02745689655172412 0.026206896551724146
03 0.983125 0.938125 0.02372844827586218 0.021228448275862233
20 0.32187499999999997 0.82875 0.02113636363636362 0.022386363636363704
20 0.8343750000000001 0.69875 0.023735795454545294 0.017485795454545316
03 0.020624999999999998 0.38875 0.01871951219512195 0.019969512195121997
10 0.67875 0.78125 0.029982142857142846 0.019982142857142726
13 0.64 0.693125 0.029987500000000056 0.05123750000000005
