03 0.24562499999999998 0.555625 0.04123355263157899 0.016233552631578885
08 0.11937500000000001 0.7375 0.03624161073825506 0.01999161073825484
06 0.385625 0.270625 0.08370689655172414 0.07370689655172413
03 0.343125 0.83375 0.03874444444444447 0.03499444444444433
03 0.9093720238095238 0.9375 0.05374404761904761 0.06498809523809523
11 0.254375 0.746875 0.041242977528089836 0.04624297752808981
08 0.43625 0.424375 0.05749509803921565 0.028745098039215655
03 0.843125 0.9081250000000001 0.036206896551724155 0.06370689655172412
03 0.318125 0.32875 0.03372844827586208 0.03247844827586205
03 0.435 0.788125 0.05238636363636362 0.04113636363636375
06 0.31875 0.25687499999999996 0.03498579545454544 0.10623579545454548
