10 0.435625 0.784375 0.031233552631578898 0.026233552631578894
01 0.65875 0.39375 0.029991610738254848 0.03249161073825502
06 0.7275 0.76125 0.04500000000000004 0.10245689655172407
07 0.08749861111111112 0.3275 0.049997222222222235 0.0424944444444445
04 0.03625 0.6499999999999999 0.034988095238095235 0.024988095238095198
12 0.0675 0.69 0.03499297752808989 0.039992977528089946
03 0.680625 0.9199999999999999 0.031245098039215713 0.022495098039215677
09 0.28 0.963125 0.02995689655172412 0.028706896551724093
10 0.8574999999999999 0.5331250000000001 0.039978448275862166 0.03122844827586213
18 0.813125 0.566875 0.023636363636363678 0.026136363636363624
