08 0.034375 0.6499999999999999 0.021233552631578948 0.04998355263157894
03 0.719375 0.34375 0.03374161073825488 0.014991610738255057
15 0.55 0.43875 0.03745689655172413 0.02245689655172417
15 0.63 0.06 0.029994444444444435 0.03749444444444444
06 0.8387529761904762 0.25875000000000004 0.07249404761904754 0.0749880952380953
03 0.659375 0.37187499999999996 0.01374297752808984 0.041242977528089864
12 0.524375 0.44125000000000003 0.038745098039215664 0.06249509803921566
15 0.44125000000000003 0.6387499999999999 0.03995689655172413 0.059956896551724204
06 0.8975 0.826875 0.09997844827586222 0.04122844827586225
08 0.274375 0.48875 0.023636363636363678 0.057386363636363624
05 0.856875 0.8531249999999999 0.03873579545454542 0.023735795454545294
03 0.051875000000000004 0.104375 0.05621951219512195 0.05371951219512194
03 0.871875 0.921875 0.013732142857142748 0.04123214285714294
03 0.50375 0.573125 0.024987499999999996 0.026237499999999914
