03 0.739375 0.756875 0.053733552631578974 0.06873355263157888
03 0.9137500000000001 0.700625 0.03999161073825486 0.09624161073825499
06 0.416260775862069 0.594375 0.04747844827586206 0.06620689655172418
20 0.15999999999999998 0.784375 0.022494444444444456 0.016244444444444395
03 0.32875 0.94 0.03498809523809526 0.06748809523809507
10 0.415625 0.82375 0.03624297752808986 0.03499297752808983
04 0.368125 0.9524999999999999 0.021245098039215704 0.022495098039215677
15 0.9368749999999999 0.87625 0.011206896551724133 0.04495689655172408
20 0.5175000000000001 0.659375 0.03497844827586205 0.026228448275862237
06 0.7812784090909091 0.5862215909090909 0.10494318181818185 0.03244318181818184
15 0.23875000000000002 0.75125 0.03748579545454547 0.027485795454545325
06 0.5725 0.09 0.10996951219512197 0.04996951219512194
