15 0.731875 0.41500000000000004 0.05623355263157881 0.03998355263157888
15 0.600625 0.66375 0.038741610738255106 0.07249161073825494
06 0.55875 0.94375 0.024956896551724173 0.029956896551724066
03 0.128125 0.941875 0.036244444444444454 0.031244444444444408
06 0.513125 0.93625 0.07373809523809532 0.04248809523809516
03 0.020624999999999998 0.90125 0.021242977528089887 0.049992977528089844
03 0.764375 0.3625 0.06874509803921569 0.032495098039215686
02 0.576875 0.14875 0.08370689655172414 0.032456896551724124
03 0.2425 0.26937500000000003 0.039978448275862055 0.0562284482758621
06 0.6475000000000001 0.809375 0.1373863636363637 0.06363636363636382
04 0.91875 0.204375 0.04748579545454534 0.04373579545454548
04 0.7206250000000001 0.29625 0.03621951219512198 0.03996951219512196
