04 0.615625 0.7575000000000001 0.043733552631578965 0.03248355263157887
03 0.65875 0.6087479026845637 0.04499161073825497 0.027495805369127546
03 0.42562500000000003 0.8262499999999999 0.21370689655172415 0.08745689655172406
06 0.47250000000000003 0.18937500000000002 0.02249444444444454 0.03624444444444444
03 0.43875 0.48625 0.08498809523809531 0.054988095238095336
20 0.756875 0.591875 0.03124297752808991 0.028742977528089853
01 0.21875 0.455625 0.03749509803921569 0.03624509803921572
05 0.47875 0.433125 0.03745689655172413 0.03870689655172416
08 0.45625000000000004 0.6975 0.03747844827586205 0.08247844827586226
19 0.4625 0.8062499999999999 0.0323863636363636 0.0173863636363637
10 0.89 0.28375 0.03498579545454539 0.022485795454545432
00 0.483125 0.9181250000000001 0.03371951219512198 0.026219512195121975
03 0.860625 0.41000000000000003 0.04873214285714278 0.03748214285714285
03 0.25625 0.08250000000000002 0.0299875 0.07498750000000001
