08 0.365625 0.778125 0.056233552631578865 0.07623355263157883
03 0.35875 0.754375 0.07749161073825506 0.028741610738254875
07 0.806875 0.58625 0.03370689655172421 0.08995689655172412
00 0.813125 0.9456249999999999 0.05374444444444437 0.04624444444444442
10 0.254375 0.401875 0.04373809523809527 0.031238095238095287
01 0.803125 0.021249999999999998 0.036242977528089915 0.02999297752808989
14 0.678125 0.61875 0.056245098039215735 0.027495098039215682
06 0.46562499999999996 0.8318749999999999 0.13120689655172407 0.13870689655172408
04 0.895 0.5349999999999999 0.04497844827586217 0.047478448275862006
08 0.320625 0.085625 0.061136363636363655 0.06613636363636363
20 0.5549999999999999 0.74875 0.02498579545454549 0.02498579545454538
07 0.04750762195121952 0.778125 0.03998475609756098 0.03871951219512193
20 0.254375 0.63125 0.023732142857142813 0.022482142857142895
