03 0.815 0.411875 0.047483552631578996 0.018733552631578887
03 0.304375 0.258125 0.021241610738255035 0.023741610738255065
13 0.156875 0.51125 0.08620689655172412 0.03745689655172413
04 0.72125 0.091875 0.029994444444444324 0.023744444444444457
01 0.743125 0.546875 0.021238095238095167 0.023738095238095225
12 0.524375 0.8843749999999999 0.03124297752808991 0.03374297752808986
06 0.885 0.8125 0.06499509803921577 0.04499509803921575
03 0.20376077586206898 0.198125 0.019978448275862065 0.02120689655172414
19 0.2425 0.5975 0.032478448275862076 0.029978448275862046
03 0.873721590909091 0.7618750000000001 0.012443181818181825 0.02363636363636379
03 0.07 0.839375 0.032485795454545455 0.058735795454545325
