04 0.388125 0.39875 0.026233552631578894 0.02498355263157892
02 0.09375 0.16625 0.02749161073825504 0.022491610738255036
18 0.919375 0.580625 0.016206896551724026 0.018706896551724195
14 0.27875 0.955 0.012494444444444475 0.03499444444444433
13 0.39625 0.6925 0.02248809523809525 0.06998809523809513
20 0.80125 0.169375 0.019992977528089817 0.018742977528089844
20 0.7081249999999999 0.95875 0.011245098039215695 0.00999509803921561
12 0.270625 0.9412499999999999 0.028706896551724093 0.04245689655172413
04 0.65 0.72 0.024978448275862153 0.024978448275862153
06 0.5275 0.6300000000000001 0.037386363636363606 0.06238636363636363
