20 0.08124999999999999 0.5125 0.014983552631578953 0.012483552631578854
20 0.610625 0.016249999999999997 0.018741610738255088 0.012491610738255032
14 0.8812500000000001 0.75 0.032456896551724124 0.014956896551724164
18 0.631875 0.674375 0.011244444444444501 0.013744444444444448
02 0.03187797619047619 0.75625 0.023744047619047613 0.01498809523809519
03 0.45875 0.20500000000000002 0.022492977528089875 0.012492977528089838
06 0.4325 0.593125 0.042495098039215695 0.008745098039215637
06 0.97 0.141875 0.0074568965517241015 0.038706896551724115
09 0.8768750000000001 0.33375 0.01622844827586223 0.022478448275862095
09 0.7875 0.130625 0.022386363636363704 0.03363636363636362
14 0.719375 0.61625 0.0287357954545453 0.022485795454545432
03 0.8787499999999999 0.719375 0.014969512195121992 0.023719512195121917
