01 0.484375 0.724375 0.02873355263157895 0.01873355263157883
03 0.580625 0.895 0.02624161073825515 0.06999161073825488
06 0.376875 0.050625 0.043706896551724106 0.023706896551724144
03 0.596875 0.559375 0.04124444444444453 0.04124444444444453
04 0.19125 0.6643749999999999 0.04498809523809527 0.03373809523809512
07 0.748125 0.34187500000000004 0.11124297752808987 0.058742977528089824
03 0.07125000000000001 0.446875 0.057495098039215695 0.05874509803921568
03 0.43374999999999997 0.8987499999999999 0.03995689655172413 0.10245689655172419
01 0.686875 0.25625 0.026228448275862126 0.024978448275862097
01 0.85625 0.39875 0.03488636363636377 0.037386363636363606
00 0.596875 0.7206250000000001 0.0662357954545455 0.06123579545454538
01 0.514375 0.596875 0.03371951219512198 0.03121951219512198
09 0.675 0.254375 0.05998214285714287 0.061232142857142846
