20 0.790625 0.39437500000000003 0.016233552631578885 0.013733552631578883
13 0.40249999999999997 0.20625 0.04999161073825503 0.05249161073825506
20 0.35562499999999997 0.680625 0.013706896551724135 0.011206896551724133
03 0.181875 0.8512500000000001 0.02624444444444443 0.02499444444444443
03 0.40375 0.2525 0.017488095238095247 0.02248809523809525
06 0.705625 0.6893750000000001 0.011242977528089892 0.06624297752808983
03 0.304375 0.166875 0.028745098039215655 0.023745098039215706
05 0.6712499999999999 0.308125 0.022456896551724115 0.023706896551724144
02 0.205625 0.865625 0.02622844827586207 0.01372844827586217
15 0.33125 0.506875 0.00738636363636358 0.011136363636363611
03 0.329375 0.6756249999999999 0.018735795454545456 0.021235795454545348
01 0.834375 0.52875 0.023719512195121917 0.019969512195121886
07 0.561875 0.15187499999999998 0.03373214285714288 0.011232142857142885
