08 0.7906249999999999 0.820625 0.02123355263157889 0.04623355263157891
20 0.284375 0.659375 0.02624161073825504 0.021241610738254924
03 0.38625 0.10500000000000001 0.024956896551724117 0.044956896551724135
03 0.128125 0.07500000000000001 0.07374444444444445 0.02999444444444445
03 0.90125 0.1925 0.037488095238095154 0.03998809523809527
03 0.31999999999999995 0.76625 0.052492977528089846 0.02749297752808988
06 0.369375 0.61625 0.05624509803921568 0.09499509803921569
09 0.650625 0.110625 0.018706896551724084 0.04620689655172412
18 0.41875 0.15875 0.024978448275862042 0.027478448275862044
03 0.64875 0.24 0.047386363636363615 0.042386363636363694
06 0.30500000000000005 0.40625 0.06498579545454547 0.04998579545454551
03 0.384375 0.5325 0.03621951219512198 0.014969512195121992
