15 0.339375 0.07875 0.04623355263157891 0.02748355263157895
00 0.211875 0.79125 0.031241610738255043 0.0274916107382549
14 0.6375 0.62875 0.029956896551724177 0.02745689655172412
03 0.873125 0.470625 0.023744444444444346 0.03124444444444452
14 0.5625 0.435 0.027488095238095367 0.0149880952380953
09 0.500625 0.156875 0.023742977528089904 0.03874297752808986
03 0.094375 0.574375 0.018745098039215702 0.046245098039215726
09 0.48124999999999996 0.790625 0.05745689655172409 0.05870689655172412
03 0.903125 0.8825000000000001 0.021228448275862122 0.01997844827586215
11 0.5775 0.244375 0.03488636363636366 0.021136363636363648
19 0.8106249999999999 0.5525 0.023735795454545294 0.0399857954545455
06 0.36 0.643125 0.10746951219512196 0.056219512195122
14 0.65375 0.511875 0.022482142857142784 0.04373214285714283
