20 0.759375 0.619375 0.033733552631578956 0.02873355263157884
04 0.39 0.439375 0.03999161073825502 0.02624161073825504
03 0.303125 0.3225 0.07120689655172413 0.057456896551724146
03 0.5775 0.06687500000000002 0.047494444444444506 0.06624444444444447
15 0.8049999999999999 0.065 0.024988095238095087 0.07748809523809523
06 0.08 0.874375 0.04999297752808988 0.046242977528089924
20 0.59375 0.35875 0.024995098039215735 0.02499509803921568
03 0.15437499999999998 0.26249999999999996 0.033706896551724125 0.07745689655172411
00 0.096875 0.465 0.04372844827586206 0.04497844827586206
06 0.583125 0.416875 0.09363636363636352 0.016136363636363615
03 0.27375 0.3275 0.029985795454545494 0.047485795454545454
11 0.0925 0.313125 0.054969512195121945 0.03621951219512198
