03 0.153125 0.885625 0.031233552631578954 0.043733552631578965
07 0.05875000000000001 0.083125 0.057491610738255046 0.07374161073825503
13 0.5275 0.5331250000000001 0.09745689655172413 0.15620689655172415
03 0.51875 0.68875 0.0399944444444445 0.07499444444444436
05 0.469375 0.9025 0.041238095238095296 0.037488095238095154
14 0.78125 0.42625 0.03249297752808977 0.07249297752808986
04 0.799375 0.3925 0.05124509803921573 0.03749509803921569
12 0.48124999999999996 0.36124999999999996 0.09745689655172413 0.06495689655172415
08 0.433125 0.45499999999999996 0.02372844827586207 0.04247844827586206
08 0.370625 0.7112499999999999 0.04113636363636358 0.029886363636363655
09 0.8525 0.37375 0.054985795454545294 0.06998579545454547
15 0.688125 0.96375 0.0662195121951219 0.04496951219512191
13 0.44437053571428575 0.711875 0.036241071428571414 0.061232142857142846
