18 0.7825 0.665 0.02498355263157892 0.027483552631578867
10 0.334375 0.33625 0.043741610738255055 0.04999161073825509
12 0.48062499999999997 0.10625 0.05370689655172417 0.052456896551724114
08 0.85875 0.8400000000000001 0.047494444444444284 0.0724944444444443
11 0.698125 0.35625 0.03623809523809518 0.03248809523809526
12 0.836875 0.435625 0.0837429775280899 0.053742977528089875
14 0.210625 0.59875 0.03624509803921569 0.034995098039215744
06 0.835 0.10250000000000001 0.03745689655172413 0.14495689655172414
03 0.811875 0.715625 0.05122844827586226 0.056228448275862264
00 0.5531250000000001 0.12687500000000002 0.03113636363636363 0.031136363636363643
08 0.46375 0.6537499999999999 0.04248579545454545 0.06498579545454541
13 0.21187499999999998 0.41125 0.058719512195121976 0.06996951219512199
15 0.30125 0.12187500000000001 0.029982142857142846 0.07623214285714287
