01 0.06999999999999999 0.844375 0.039983552631578954 0.02873355263157884
20 0.28625 0.81 0.042491610738255026 0.03999161073825486
01 0.781875 0.893125 0.036206896551724155 0.03120689655172415
03 0.5506249999999999 0.231875 0.043744444444444475 0.08124444444444442
02 0.5825 0.656875 0.0774880952380953 0.10623809523809524
03 0.14687499999999998 0.614375 0.033742977528089885 0.05874297752808988
18 0.438125 0.9593750000000001 0.031245098039215713 0.03374509803921566
04 0.12937500000000002 0.775625 0.03870689655172413 0.04370689655172422
06 0.329375 0.131875 0.13622844827586206 0.036228448275862066
09 0.835 0.31999999999999995 0.03738636363636372 0.04488636363636361
05 0.500625 0.578125 0.023735795454545405 0.051235795454545485
