03 0.7337499999999999 0.174375 0.029983552631578925 0.016233552631578996
20 0.10875 0.696875 0.009991610738255052 0.008741610738254968
18 0.14250000000000002 0.33375 0.014956896551724136 0.01745689655172411
07 0.450625 0.201875 0.013744444444444448 0.028744444444444406
14 0.9143749999999999 0.45375 0.021238095238095167 0.02248809523809525
03 0.5900000000000001 0.2925 0.032492977528089884 0.012492977528089866
03 0.619375 0.8831249999999999 0.006245098039215691 0.021245098039215704
09 0.723125 0.08937500000000001 0.02120689655172414 0.016206896551724123
03 0.4668803879310345 0.9768749999999999 0.016239224137930997 0.018728448275862175
03 0.7593749999999999 0.275 0.01363636363636378 0.02988636363636371
20 0.4775 0.826875 0.01498579545454548 0.013735795454545285
03 0.81 0.619375 0.019969512195121886 0.028719512195122032
