14 0.7350000000000001 0.910625 0.11498355263157889 0.06623355263157893
03 0.18125000000000002 0.5275 0.09999161073825505 0.11999161073825504
03 0.65125 0.59 0.1174568965517242 0.2474568965517241
03 0.259375 0.8600000000000001 0.04624444444444445 0.12249444444444435
10 0.2475 0.10875000000000001 0.06998809523809524 0.049988095238095234
14 0.485625 0.530625 0.08874297752808985 0.06624297752808977
06 0.37375 0.9425 0.047495098039215644 0.04499509803921575
05 0.67875 0.6599999999999999 0.04495689655172408 0.09745689655172407
01 0.51 0.465625 0.04747844827586212 0.028728448275862073
06 0.6468750000000001 0.805625 0.051136363636363646 0.2836363636363638
14 0.5625 0.12125 0.05998579545454552 0.12248579545454545
00 0.16625 0.849375 0.08746951219512196 0.08121951219512202
03 0.31125 0.615625 0.07498214285714283 0.06623214285714285
