20 0.51 0.47875 0.02498355263157892 0.02498355263157892
07 0.9568729026845637 0.07500000000000001 0.031245805369127466 0.03999161073825504
03 0.860625 0.51625 0.02120689655172414 0.04245689655172419
20 0.260625 0.8375 0.031244444444444408 0.03249444444444438
11 0.5862499999999999 0.6487499999999999 0.03498809523809532 0.027488095238095145
09 0.32 0.9125000000000001 0.022492977528089875 0.05499297752808985
06 0.27125 0.74875 0.08999509803921568 0.06249509803921571
20 0.494375 0.171875 0.031206896551724095 0.03120689655172415
03 0.7224999999999999 0.193125 0.01997844827586215 0.038728448275862054
03 0.5225 0.743125 0.029886363636363655 0.02113636363636373
20 0.441875 0.07875 0.02373579545454546 0.024985795454545462
03 0.45687500000000003 0.671875 0.03371951219512198 0.05871951219512206
