10 0.623125 0.7418750000000001 0.026233552631578894 0.018733552631578942
08 0.640625 0.655 0.03624161073825494 0.01999161073825495
20 0.584375 0.47125 0.016206896551724137 0.01745689655172411
04 0.801875 0.239375 0.033744444444444355 0.023744444444444457
03 0.73125 0.06812499999999999 0.04248809523809516 0.021238095238095236
20 0.374375 0.798125 0.018742977528089844 0.016242977528089897
03 0.544375 0.8756250000000001 0.04374509803921567 0.04374509803921567
04 0.506875 0.359375 0.028706896551724093 0.016206896551724137
09 0.725625 0.348125 0.021228448275862233 0.028728448275862073
03 0.406875 0.9550000000000001 0.02863636363636357 0.02738636363636371
