04 0.18375 0.856875 0.027483552631578978 0.018733552631578942
07 0.669375 0.344375 0.038741610738254884 0.08624161073825504
15 0.559375 0.6443749999999999 0.04120689655172416 0.02120689655172414
12 0.052500000000000005 0.09062500000000001 0.034994444444444446 0.038744444444444456
20 0.41812499999999997 0.01625 0.02373809523809528 0.017488095238095237
03 0.51875 0.89625 0.022492977528089875 0.01749297752808987
02 0.18375 0.360625 0.03499509803921569 0.026245098039215653
03 0.47998922413793105 0.21437499999999998 0.024978448275862042 0.023706896551724116
02 0.721875 0.62375 0.0437284482758622 0.032478448275862104
03 0.670625 0.531875 0.03113636363636374 0.03863636363636358
03 0.7462500000000001 0.6443749999999999 0.062485795454545356 0.026235795454545463
03 0.146875 0.8174999999999999 0.028719512195121977 0.057469512195121975
07 0.33625000000000005 0.6725 0.017482142857142835 0.03498214285714285
