05 0.7575000000000001 0.221875 0.01748355263157897 0.03873355263157899
01 0.8275 0.661875 0.02999161073825496 0.026241610738254817
06 0.9475 0.8831249999999999 0.0074568965517241015 0.028706896551724204
11 0.47875 0.175 0.034994444444444495 0.027494444444444405
09 0.19187500000000002 0.16562500000000002 0.038738095238095266 0.05123809523809528
06 0.138125 0.246875 0.041242977528089905 0.08124297752808987
02 0.8325 0.843125 0.042495098039215695 0.028745098039215655
03 0.75125 0.34562499999999996 0.032456896551724124 0.041206896551724104
00 0.28875 0.5475 0.024978448275862042 0.022478448275861984
03 0.29375 0.0525 0.03488636363636366 0.04988636363636363
15 0.475625 0.731875 0.026235795454545463 0.0337357954545453
06 0.2243826219512195 0.8975 0.03373475609756099 0.09996951219512196
03 0.250625 0.71625 0.06373214285714285 0.03498214285714274
15 0.07375000000000001 0.7825 0.03248750000000001 0.05248750000000002
