19 0.40312499999999996 0.295 0.013733552631578883 0.01748355263157897
08 0.9393750000000001 0.473125 0.038741610738254884 0.018741610738255032
14 0.406875 0.403125 0.026206896551724146 0.0387068965517241
12 0.29125 0.18874999999999997 0.03249444444444444 0.062494444444444436
06 0.81375 0.35625 0.009988095238095074 0.037488095238095265
20 0.789375 0.8775 0.018742977528089844 0.014992977528089813
03 0.18562499999999998 0.6556249999999999 0.06124509803921571 0.0737450980392157
08 0.639375 0.16 0.0337068965517241 0.034956896551724126
04 0.426875 0.200625 0.03122844827586202 0.028728448275862073
14 0.16062500000000002 0.7793749999999999 0.031136363636363656 0.036136363636363744
10 0.48250000000000004 0.96375 0.027485795454545492 0.027485795454545325
