08 0.8612500000000001 0.744375 0.019983552631578916 0.08123355263157883
14 0.18125000000000002 0.19187500000000002 0.029991610738255042 0.05624161073825504
14 0.5349999999999999 0.681875 0.04245689655172413 0.0387068965517241
07 0.5406249999999999 0.621875 0.023744444444444457 0.03874444444444458
18 0.19125 0.893125 0.02248809523809525 0.02623809523809506
01 0.2925 0.148125 0.04249297752808984 0.043742977528089894
20 0.07125000000000001 0.8475 0.024995098039215694 0.024995098039215735
11 0.87625 0.43062500000000004 0.03495689655172418 0.023706896551724144
03 0.48375 0.34875 0.027478448275862044 0.03497844827586205
06 0.046875 0.366875 0.05613636363636363 0.07863636363636362
14 0.98 0.18 0.029985795454545272 0.04248579545454548
