03 0.255 0.59625 0.027483552631578978 0.019983552631578916
07 0.941875 0.10875 0.03374161073825488 0.04999161073825506
07 0.28812499999999996 0.508125 0.10870689655172411 0.01870689655172414
06 0.6025 0.615625 0.027494444444444488 0.02874444444444446
14 0.18125000000000002 0.39125 0.08248809523809528 0.03998809523809527
03 0.656875 0.92625 0.028742977528089853 0.049992977528089844
12 0.7725 0.844375 0.04499509803921564 0.046245098039215726
12 0.278125 0.1325 0.0337068965517241 0.05245689655172414
03 0.06562499999999999 0.9337500000000001 0.02872844827586206 0.05747844827586224
12 0.164375 0.3175 0.03613636363636366 0.034886363636363604
07 0.5275000000000001 0.09625 0.02498579545454549 0.07748579545454547
06 0.194375 0.829375 0.03121951219512198 0.028719512195122032
