01 0.475 0.5606249999999999 0.03748355263157893 0.03873355263157896
03 0.8400000000000001 0.29000000000000004 0.03749161073825491 0.022491610738255063
05 0.7812607758620689 0.803125 0.024978448275862042 0.04870689655172411
03 0.8999999999999999 0.7 0.04999444444444434 0.022494444444444373
20 0.9356249999999999 0.3125 0.04623809523809508 0.029988095238095314
04 0.22062500000000002 0.36312500000000003 0.038742977528089834 0.031242977528089855
16 0.415625 0.9137500000000001 0.05624509803921568 0.04499509803921564
03 0.44937499999999997 0.9256249999999999 0.0362068965517241 0.02120689655172414
03 0.31625000000000003 0.35562499999999997 0.027478448275862044 0.04372844827586203
07 0.471875 0.504375 0.09863636363636352 0.028636363636363626
03 0.876875 0.505625 0.026235795454545352 0.04373579545454542
02 0.260625 0.40812499999999996 0.03121951219512198 0.04371951219512199
04 0.03875 0.169375 0.03748214285714285 0.04373214285714286
20 0.6681250000000001 0.120625 0.03873749999999998 0.04123750000000001
