01 0.4243791118421053 0.9924999999999999 0.006241776315789427 0.00748355263157896
12 0.0225 0.11499999999999999 0.024991610738255038 0.027491610738255054
06 0.938125 0.35624999999999996 0.008706896551724075 0.019956896551724113
03 0.881875 0.064375 0.02874444444444435 0.01624444444444445
18 0.06375 0.0875 0.012488095238095243 0.014988095238095231
20 0.925 0.546875 0.009992977528089919 0.008742977528089835
10 0.231875 0.6856249999999999 0.0162450980392157 0.013745098039215642
04 0.735 0.28125 0.019956896551724057 0.019956896551724168
03 0.755625 0.5956250000000001 0.021228448275862233 0.03372844827586208
03 0.194375 0.035 0.018636363636363673 0.02488636363636363
06 0.4800035511363636 0.596875 0.014992897727272747 0.051235795454545485
03 0.419375 0.544375 0.008719512195122014 0.04621951219512199
