10 0.941875 0.294375 0.02873355263157884 0.02873355263157895
12 0.265 0.87375 0.05249161073825506 0.05749161073825493
03 0.56375 0.931875 0.07245689655172416 0.053706896551724115
07 0.234375 0.6937486111111111 0.08124444444444445 0.08499722222222217
03 0.794375 0.7693749999999999 0.051238095238095194 0.06373809523809515
00 0.824375 0.6443749999999999 0.04874297752808987 0.043742977528089866
03 0.5487487745098039 0.313125 0.01999754901960793 0.02874509803921571
01 0.865 0.27625 0.04245689655172413 0.02995689655172412
03 0.37187499999999996 0.043125 0.031228448275862075 0.04622844827586206
01 0.589375 0.465625 0.026136363636363624 0.02863636363636357
04 0.884375 0.21125 0.03623579545454536 0.03498579545454547
06 0.105625 0.46875 0.04871951219512194 0.14996951219512195
