13 0.924375 0.199375 0.08123355263157894 0.06123355263157898
12 0.42125 0.80375 0.03749161073825502 0.03999161073825486
03 0.073125 0.5800000000000001 0.046206896551724136 0.06245689655172415
15 0.18625 0.61375 0.03499444444444444 0.022494444444444484
03 0.95875 0.935 0.03498809523809521 0.017488095238095025
06 0.8768750000000001 0.693125 0.10374297752808992 0.03374297752808986
14 0.42875 0.7012499999999999 0.042495098039215695 0.04499509803921564
03 0.486875 0.030625000000000003 0.026206896551724146 0.048706896551724145
07 0.33687500000000004 0.365625 0.048728448275862035 0.09872844827586208
03 0.90125 0.92125 0.02488636363636365 0.049886363636363784
20 0.218125 0.801875 0.02623579545454549 0.0287357954545453
