19 0.06562499999999999 0.9681249999999999 0.016233552631578954 0.04123355263157891
13 0.251875 0.45625000000000004 0.04624161073825506 0.06499161073825505
08 0.023125 0.595 0.016206896551724137 0.032456896551724124
14 0.619375 0.5237499999999999 0.02124444444444451 0.03499444444444444
08 0.770625 0.880625 0.016238095238095163 0.05373809523809514
06 0.441875 0.16999999999999998 0.08624297752808985 0.02749297752808988
06 0.94 0.791875 0.02999509803921574 0.031245098039215602
12 0.861875 0.070625 0.04620689655172405 0.03870689655172413
00 0.5575 0.265 0.029978448275862046 0.02247844827586204
18 0.110625 0.474375 0.016136363636363643 0.018636363636363562
03 0.03875 0.48 0.032485795454545455 0.022485795454545487
04 0.8418749999999999 0.4325 0.026219512195121975 0.027469512195121948
