15 0.4612458881578947 0.441875 0.027491776315789418 0.0337335526315789
18 0.555625 0.653125 0.01624161073825503 0.018741610738254866
03 0.763125 0.110625 0.028706896551724204 0.031206896551724136
17 0.5687500000000001 0.25125 0.03249444444444449 0.03249444444444444
09 0.8356250000000001 0.30062500000000003 0.02623809523809506 0.036238095238095236
14 0.286875 0.12375 0.041242977528089864 0.024992977528089877
03 0.836875 0.755625 0.031245098039215713 0.06374509803921569
03 0.968125 0.888125 0.0237068965517242 0.026206896551724035
03 0.7206250000000001 0.074375 0.013728448275862282 0.028728448275862066
18 0.86125 0.11499999999999999 0.019886363636363757 0.019886363636363633
18 0.574375 0.711875 0.02123579545454546 0.023735795454545294
18 0.429375 0.10062499999999999 0.016219512195121966 0.018719512195121954
14 0.7112499999999999 0.19687500000000002 0.03748214285714291 0.026232142857142843
