03 0.20375 0.73125 0.022483552631578974 0.04498355263157883
06 0.048125 0.163125 0.026241610738255032 0.033741610738255046
10 0.8843749999999999 0.38625 0.0337068965517241 0.02745689655172412
06 0.87125 0.725 0.10499444444444439 0.009994444444444417
01 0.326875 0.459375 0.018738095238095276 0.013738095238095271
03 0.57375 0.504375 0.06749297752808991 0.05624297752808982
11 0.10375 0.256875 0.03499509803921569 0.03374509803921569
13 0.66875 0.07375 0.10495689655172413 0.05995689655172414
07 0.15437499999999998 0.501875 0.03372844827586205 0.05122844827586204
03 0.1525 0.19 0.02238636363636365 0.027386363636363653
03 0.670625 0.52125 0.0962357954545453 0.019985795454545485
07 0.45875 0.34625 0.05496951219512197 0.07246951219512199
