03 0.318125 0.525 0.013733552631578938 0.027483552631578867
06 0.903125 0.5800000000000001 0.018741610738254866 0.042491610738255026
01 0.27812499999999996 0.389375 0.013706896551724135 0.01620689655172408
03 0.84375 0.884375 0.047494444444444284 0.013744444444444337
03 0.213125 0.343125 0.01123809523809527 0.026238095238095283
13 0.17125 0.04875 0.04749297752808987 0.02999297752808989
03 0.34750000000000003 0.114375 0.02499509803921568 0.016245098039215686
15 0.628125 0.24625000000000002 0.02120689655172414 0.012456896551724134
09 0.638125 0.895625 0.016228448275862117 0.02372844827586218
00 0.6699999999999999 0.3725 0.0173863636363637 0.012386363636363584
