05 0.19625 0.70875 0.01998355263157897 0.037483552631578876
20 0.22 0.0475 0.03249161073825507 0.02499161073825503
10 0.45375 0.791875 0.022456896551724115 0.018706896551724084
03 0.24937499999999999 0.62125 0.028744444444444406 0.04249444444444439
04 0.824375 0.429375 0.028738095238095118 0.016238095238095274
03 0.19 0.46687500000000004 0.03499297752808983 0.05124297752808987
04 0.165 0.84875 0.02499509803921568 0.024995098039215735
20 0.37 0.943125 0.01745689655172411 0.018706896551724084
08 0.918125 0.113125 0.04122844827586225 0.01372844827586206
13 0.665 0.639375 0.057386363636363624 0.1211363636363636
14 0.018125000000000002 0.5 0.021235795454545455 0.0374857954545455
14 0.924375 0.745 0.02121951219512208 0.05246951219512197
08 0.275 0.8300000000000001 0.027482142857142844 0.039982142857142855
19 0.29500000000000004 0.9256249999999999 0.034987500000000005 0.02873749999999997
