03 0.21812499999999999 0.39437500000000003 0.08873355263157895 0.07873355263157894
03 0.83125 0.263125 0.1474916107382549 0.06874161073825502
03 0.111875 0.47062499999999996 0.08620689655172414 0.1012068965517241
03 0.1575 0.71375 0.03499444444444444 0.22749444444444444
01 0.66875 0.778125 0.04748809523809505 0.03623809523809507
03 0.54375 0.879375 0.0674929775280898 0.1462429775280898
01 0.54125 0.391875 0.05499509803921576 0.04874509803921573
03 0.12375 0.28125 0.04995689655172414 0.032456896551724124
12 0.15687500000000001 0.49375 0.07122844827586207 0.10497844827586206
18 0.146875 0.083125 0.051136363636363646 0.05113636363636363
10 0.48875 0.781875 0.06248579545454547 0.03623579545454536
06 0.723125 0.42125 0.19371951219512196 0.03746951219512196
18 0.8362499999999999 0.6681250000000001 0.05248214285714281 0.053732142857142784
03 0.320625 0.31499999999999995 0.0637375 0.03998750000000001
