03 0.711875 0.9375 0.026233552631578894 0.03498355263157893
07 0.4999979026845638 0.881875 0.10999580536912751 0.038741610738254884
06 0.6399999999999999 0.273125 0.0749568965517241 0.028706896551724093
20 0.6074999999999999 0.110625 0.029994444444444546 0.02624444444444446
04 0.7481249999999999 0.79125 0.021238095238095167 0.024988095238095198
08 0.544375 0.16375 0.018742977528089955 0.03749297752808986
03 0.555 0.20500000000000002 0.0474950980392157 0.014995098039215699
04 0.31375 0.22875 0.02995689655172412 0.024956896551724145
03 0.923125 0.033125 0.03372844827586219 0.01622844827586207
01 0.429375 0.7075 0.016136363636363615 0.014886363636363753
