17 0.975625 0.31875 0.031233552631578898 0.03498355263157893
03 0.91625 0.021875 0.04499161073825486 0.026241610738255036
08 0.297510775862069 0.109375 0.03247844827586205 0.04120689655172412
06 0.5593763888888889 0.6399999999999999 0.06874722222222229 0.007494444444444359
12 0.73125 0.745625 0.034988095238095096 0.03623809523809518
04 0.39312499999999995 0.373125 0.031242977528089855 0.028742977528089853
03 0.5612487745098038 0.971875 0.04499754901960784 0.018745098039215757
06 0.831875 0.123125 0.08120689655172408 0.021206896551724114
11 0.7112499999999999 0.271875 0.02747844827586221 0.02372844827586207
12 0.884375 0.21687499999999998 0.04113636363636375 0.03863636363636366
