08 0.23812911184210525 0.245 0.018741776315789493 0.03498355263157896
02 0.5268770973154362 0.265625 0.026245805369127573 0.02624161073825504
14 0.321875 0.06875 0.011206896551724133 0.02245689655172415
14 0.15187499999999998 0.590625 0.011244444444444474 0.02124444444444451
14 0.155 0.42562500000000003 0.029988095238095258 0.018738095238095276
03 0.520625 0.0675 0.011242977528089781 0.019992977528089886
03 0.645 0.964375 0.027495098039215682 0.03624509803921572
04 0.86 0.6912499999999999 0.014956896551724164 0.012456896551724106
18 0.236875 0.954375 0.011228448275862057 0.01372844827586217
09 0.11374999999999999 0.745 0.022386363636363635 0.01738636363636381
03 0.9824999999999999 0.563125 0.012485795454545312 0.02123579545454546
03 0.8187576219512196 0.894375 0.01748475609756095 0.02121951219512197
18 0.961875 0.790625 0.01373214285714286 0.016232142857142806
11 0.9775 0.56375 0.012487499999999985 0.01748749999999999
