12 0.1675 0.17 0.05748355263157895 0.05998355263157895
03 0.059375 0.310625 0.06374161073825503 0.021241610738255035
20 0.450625 0.0125 0.011206896551724133 0.012456896551724137
20 0.393125 0.308125 0.018744444444444452 0.01624444444444445
08 0.1481220238095238 0.4675 0.013744047619047628 0.012488095238095298
18 0.733125 0.026875000000000003 0.016242977528089897 0.01874297752808989
13 0.455 0.855 0.09249509803921574 0.03999509803921564
01 0.6487499999999999 0.443125 0.019956896551724168 0.016206896551724137
03 0.10250000000000001 0.443125 0.007478448275862068 0.01372844827586206
04 0.38687499999999997 0.60375 0.028636363636363626 0.027386363636363598
03 0.93125 0.010625 0.017485795454545316 0.018735795454545456
03 0.923125 0.7737499999999999 0.02121951219512197 0.03746951219512196
