09 0.54375 0.48 0.0674835526315789 0.07248355263157896
00 0.7931250000000001 0.89375 0.056241610738254955 0.052491610738254924
13 0.613125 0.1975 0.10870689655172416 0.10995689655172414
00 0.7068749999999999 0.21125 0.06874444444444439 0.05249444444444443
18 0.26875 0.9612499999999999 0.037488095238095265 0.03998809523809521
03 0.671875 0.07625000000000001 0.05874297752808988 0.0749929775280899
10 0.82375 0.76125 0.03749509803921569 0.034995098039215744
14 0.34125 0.43062500000000004 0.05495689655172409 0.0362068965517241
03 0.44875 0.84875 0.03497844827586205 0.05497844827586218
03 0.7250000000000001 0.101875 0.02738636363636371 0.031136363636363643
06 0.768125 0.30312144886363634 0.11123579545454543 0.021242897727272725
08 0.9075 0.2624923780487805 0.07496951219512193 0.057484756097560985
08 0.9593750000000001 0.585 0.061232142857142846 0.05248214285714281
13 0.881875 0.2725 0.1837375 0.05248750000000005
