13 0.198125 0.761875 0.056233552631578976 0.05623355263157892
01 0.6425 0.5862499999999999 0.024991610738255066 0.01999161073825506
20 0.809375 0.524375 0.0337068965517241 0.03120689655172415
03 0.339375 0.485 0.023744444444444512 0.05499444444444451
11 0.060625 0.685625 0.03873809523809523 0.03873809523809513
04 0.45999999999999996 0.581875 0.03749297752808983 0.03874297752808986
04 0.24312499999999998 0.37375 0.041245098039215694 0.029995098039215684
15 0.809375 0.27375 0.03120689655172415 0.04245689655172413
03 0.629375 0.75875 0.06622844827586216 0.059978448275862184
15 0.83375 0.278125 0.047386363636363726 0.03863636363636369
13 0.36 0.84625 0.1549857954545455 0.029985795454545383
04 0.08875 0.809375 0.039969512195121945 0.023719512195122028
