01 0.44 0.181875 0.02498355263157892 0.026233552631578977
06 0.433125 0.33687500000000004 0.023741610738255037 0.008741610738255023
06 0.59125 0.14250000000000002 0.10245689655172419 0.012456896551724134
18 0.88 0.40437500000000004 0.017494444444444257 0.018744444444444508
04 0.8550029761904763 0.360625 0.024994047619047666 0.018738095238095276
11 0.226875 0.605 0.023742977528089848 0.02749297752808988
02 0.72 0.596875 0.04499509803921564 0.07624509803921564
08 0.514989224137931 0.6975 0.034978448275862106 0.022456896551724115
05 0.548125 0.8456250000000001 0.03122844827586202 0.018728448275862175
07 0.724375 0.573125 0.016136363636363726 0.033636363636363686
03 0.7406250000000001 0.615 0.04373579545454531 0.029985795454545494
