14 0.8 0.576875 0.014983552631578911 0.026233552631578894
20 0.829375 0.574375 0.026241610738254928 0.02624161073825504
08 0.41125 0.54125 0.012456896551724106 0.03495689655172418
06 0.435 0.07125000000000001 0.06249444444444452 0.024994444444444458
03 0.6975 0.7893749999999999 0.044988095238095216 0.041238095238095185
15 0.8512500000000001 0.7962499999999999 0.029992977528089937 0.022492977528089875
09 0.14625 0.839375 0.0174950980392157 0.04374509803921567
03 0.438125 0.1525 0.036206896551724155 0.02995689655172412
04 0.640625 0.7075 0.026228448275862126 0.022478448275862206
14 0.246875 0.8587499999999999 0.018636363636363673 0.047386363636363726
14 0.060625 0.21625 0.05873579545454546 0.03498579545454547
19 0.621875 0.6825 0.03371951219512204 0.02496951219512189
