09 0.6625 0.5025 0.014983552631578911 0.04248355263157888
09 0.57375 0.63125 0.014991610738255057 0.017491610738255003
04 0.5606249999999999 0.110625 0.018706896551724195 0.01870689655172414
12 0.114375 0.22625 0.018744444444444466 0.039994444444444416
03 0.2025 0.830625 0.029988095238095286 0.02623809523809506
12 0.649375 0.890625 0.026242977528089795 0.02374297752808996
06 0.36124999999999996 0.19 0.03999509803921569 0.06249509803921571
03 0.505 0.436875 0.009956896551724048 0.016206896551724137
08 0.600625 0.763125 0.011228448275862113 0.02372844827586229
10 0.9525 0.5393749999999999 0.01738636363636381 0.013636363636363558
05 0.828125 0.559375 0.0287357954545453 0.0187357954545454
