06 0.40249999999999997 0.08062499999999999 0.09498355263157893 0.11373355263157893
08 0.840625 0.7875000000000001 0.0587416107382549 0.07999161073825489
09 0.74625 0.41937500000000005 0.04745689655172414 0.07120689655172413
02 0.5018750000000001 0.9425 0.04124444444444453 0.0674944444444443
15 0.74625 0.278125 0.019988095238095083 0.041238095238095296
06 0.7581249999999999 0.56375 0.12874297752808983 0.07999297752808987
06 0.45875 0.520625 0.12249509803921566 0.1312450980392157
03 0.37375 0.6243749999999999 0.034956896551724126 0.11620689655172411
06 0.145625 0.13375 0.02622844827586207 0.03747844827586207
04 0.60375 0.115625 0.029886363636363544 0.023636363636363636
03 0.471875 0.188125 0.058735795454545436 0.08873579545454549
04 0.41874999999999996 0.756875 0.05496951219512197 0.03621951219512198
03 0.4387455357142857 0.0825 0.05749107142857146 0.04248214285714286
00 0.09812499999999999 0.36812500000000004 0.06873749999999999 0.04123749999999998
