09 0.559375 0.54 0.04123355263157891 0.039983552631578934
09 0.8731249999999999 0.759375 0.06874161073825491 0.06124161073825496
03 0.81375 0.8518749999999999 0.04745689655172414 0.06120689655172418
00 0.106875 0.424375 0.04124444444444446 0.04124444444444453
20 0.5425 0.138125 0.029988095238095314 0.023738095238095225
03 0.17937499999999998 0.604375 0.11874297752808986 0.06624297752808994
07 0.7337499999999999 0.47562499999999996 0.08499509803921568 0.10624509803921572
12 0.744375 0.375 0.061206896551724066 0.10745689655172408
03 0.739375 0.55 0.028728448275862295 0.05997844827586207
03 0.1675 0.6481250000000001 0.06988636363636364 0.06613636363636366
