06 0.411875 0.3175 0.026233552631578894 0.08248355263157897
06 0.07 0.715 0.032491610738255045 0.01999161073825495
14 0.931875 0.09562499999999999 0.028706896551724093 0.02370689655172413
09 0.06375 0.5643750000000001 0.02999444444444444 0.02124444444444451
03 0.7225 0.655625 0.017488095238095136 0.02623809523809517
02 0.933125 0.1225 0.03874297752808986 0.02749297752808988
11 0.605 0.50125 0.024995098039215735 0.022495098039215733
13 0.8500000000000001 0.9456249999999999 0.05495689655172409 0.036206896551724044
19 0.446875 0.575625 0.028728448275862073 0.03122844827586213
03 0.48375 0.051875000000000004 0.012386363636363584 0.016136363636363636
