09 0.504375 0.193125 0.07373355263157888 0.06373355263157898
05 0.271875 0.55875 0.02874161073825504 0.05749161073825504
03 0.7637499999999999 0.6856249999999999 0.0749568965517241 0.043706896551724106
01 0.221875 0.356875 0.028744444444444434 0.018744444444444452
03 0.55625 0.036875000000000005 0.06248809523809529 0.04123809523809524
03 0.8218749999999999 0.44562500000000005 0.03374297752808986 0.03624297752808986
03 0.299375 0.070625 0.09624509803921566 0.04124509803921569
06 0.714375 0.11624999999999999 0.05620689655172417 0.024956896551724117
03 0.7831250000000001 0.6568750000000001 0.046228448275862255 0.043728448275862086
10 0.943125 0.65 0.04863636363636381 0.03488636363636366
10 0.61 0.09375 0.044985795454545396 0.03498579545454546
03 0.35562499999999997 0.63375 0.05121951219512194 0.019969512195121997
03 0.565625 0.875 0.026232142857142815 0.029982142857142735
15 0.389375 0.944375 0.023737500000000022 0.03123750000000003
