07 0.8868708881578947 0.70625 0.01874177631578955 0.039983552631578934
06 0.235625 0.478125 0.10124161073825505 0.06624161073825507
08 0.34125 0.565625 0.05995689655172409 0.01370689655172408
18 0.10875 0.198125 0.019994444444444454 0.021244444444444427
06 0.058747023809523805 0.5393749999999999 0.03249404761904761 0.08123809523809522
00 0.26937500000000003 0.68625 0.031242977528089855 0.032492977528089884
12 0.650625 0.405625 0.06874509803921569 0.05624509803921568
06 0.420625 0.9075 0.05120689655172411 0.0699568965517241
02 0.1425 0.954375 0.05247844827586205 0.02372844827586218
09 0.34625 0.795625 0.03988636363636355 0.036136363636363744
04 0.45625 0.125 0.03248579545454544 0.022485795454545474
08 0.706875 0.891875 0.03121951219512198 0.04871951219512194
10 0.8375 0.28 0.03498214285714285 0.024982142857142786
