19 0.95375 0.98 0.012483552631578965 0.027483552631578867
18 0.6343749999999999 0.22312500000000002 0.011241610738255026 0.013741610738255056
06 0.40812499999999996 0.50125 0.041206896551724104 0.029956896551724177
06 0.8831249999999999 0.23125 0.016244444444444395 0.02499444444444443
11 0.709375 0.6381249999999999 0.016238095238095163 0.016238095238095163
05 0.056875 0.150625 0.02374297752808989 0.026242977528089878
06 0.56125 0.7418750000000001 0.06999509803921566 0.036245098039215606
14 0.65625 0.39 0.01745689655172411 0.012456896551724106
20 0.58875 0.1725 0.012478448275861975 0.009978448275862056
06 0.489375 0.483125 0.02863636363636357 0.048636363636363644
19 0.95875 0.6812499999999999 0.009985795454545254 0.009985795454545365
06 0.823125 0.6731173780487805 0.05621951219512189 0.03123475609756099
19 0.024375 0.6725000000000001 0.008732142857142855 0.009982142857142828
20 0.46562499999999996 0.47250000000000003 0.018737500000000018 0.014987499999999987
