01 0.0475 0.823125 0.014983552631578946 0.011233552631578991
08 0.3193770973154363 0.600625 0.03124580536912752 0.04124161073825505
03 0.4225 0.46499999999999997 0.044956896551724135 0.02995689655172412
06 0.690625 0.885 0.06374444444444427 0.009994444444444417
03 0.7168749999999999 0.6225 0.05623809523809509 0.03248809523809537
10 0.28375 0.130625 0.01749297752808987 0.016242977528089883
03 0.3675 0.4175 0.032495098039215686 0.06249509803921566
03 0.104375 0.393125 0.04120689655172413 0.0387068965517241
15 0.24375000000000002 0.9325000000000001 0.019978448275862065 0.02747844827586221
03 0.39875 0.08812500000000001 0.027386363636363598 0.021136363636363634
14 0.394375 0.764375 0.031235795454545467 0.031235795454545356
