03 0.154375 0.703125 0.06123355263157894 0.03873355263157885
03 0.7756229026845638 0.4525 0.03374580536912741 0.02999161073825507
03 0.46499999999999997 0.48875 0.03995689655172413 0.03495689655172418
01 0.778125 0.53375 0.023744444444444346 0.022494444444444484
11 0.875 0.905 0.037488095238095154 0.027488095238095145
10 0.599375 0.86375 0.06374297752808977 0.04249297752808978
14 0.26937500000000003 0.21375 0.061245098039215684 0.03999509803921569
07 0.985625 0.6875 0.026206896551724146 0.06745689655172415
18 0.716875 0.54 0.02372844827586218 0.0274784482758621
07 0.784375 0.6980965909090909 0.05113636363636376 0.04119318181818188
18 0.485 0.9825 0.02498579545454549 0.027485795454545325
12 0.7025 0.77875 0.05496951219512192 0.08496951219512205
09 0.739375 0.074375 0.0637321428571429 0.021232142857142852
03 0.47875 0.358125 0.03748750000000001 0.031237499999999974
