06 0.8687499999999999 0.15687500000000001 0.04248355263157888 0.07123355263157895
05 0.206875 0.136875 0.05374161073825506 0.023741610738255037
06 0.13751077586206897 0.2325 0.08747844827586206 0.06495689655172415
08 0.940625 0.35750000000000004 0.04624444444444442 0.0399944444444445
12 0.81125 0.33875 0.04748809523809516 0.05248809523809528
03 0.1975 0.566875 0.02499297752808985 0.043742977528089866
01 0.170625 0.019375 0.04874509803921567 0.03374509803921569
12 0.04000000000000001 0.45625 0.049956896551724146 0.057456896551724146
20 0.22562500000000002 0.023125 0.041228448275862056 0.03372844827586207
07 0.6875 0.7874715909090909 0.04488636363636367 0.06244318181818187
10 0.26749999999999996 0.25 0.02998579545454544 0.02498579545454549
01 0.6456249999999999 0.6637500000000001 0.026219512195121975 0.01746951219512194
07 0.84125 0.4925 0.09998214285714291 0.09498214285714279
14 0.654375 0.49875 0.053737499999999994 0.04248750000000001
